D295172442	謝怡潔	98	5	15	4	12	9	2	7	11	10	16	8	1	3	18	19	17	13	6	20	14
F196069444	黃雅文	70	10	15	12	20	3	17	2	8	16	11	7	9	5	14	1	6	13	18	4	19
A196653763	賴怡瑜	68	14	8	5	15	2	1	4	9	6	18	19	13	12	16	3	10	17	7	20	11
H198662276	劉秀娟	61	4	3	11	5	6	19	1	12	13	17	20	18	7	14	9	2	16	10	8	15
C297574756	張耀羽	85	3	9	12	2	1	4	17	13	16	8	11	18	14	6	10	20	7	19	15	5
C197021838	王怡紫	92	19	5	12	3	1	20	13	17	8	6	7	18	9	15	4	14	10	16	11	2
D298211375	楊秀玲	60	7	19	14	6	10	5	3	17	8	1	2	4	15	16	18	11	20	9	12	13
F297767941	高志賢	61	13	17	20	14	4	9	5	6	11	7	12	1	18	16	2	8	15	10	3	19
A194465461	劉淑娟	75	19	3	13	17	2	18	11	16	1	12	5	4	14	20	7	8	10	15	6	9
G295494437	杜賢孜	70	11	8	12	16	17	13	3	14	6	9	2	7	19	5	1	15	4	10	18	20
H198790597	林琬婷	75	4	6	12	11	3	18	14	10	1	13	8	17	20	5	2	19	9	15	7	16
A299620464	陳雅雯	60	4	1	20	19	7	16	12	5	6	11	15	17	9	14	2	8	18	3	13	10
B295380880	楊文玲	99	13	4	11	3	1	18	14	5	7	15	12	19	16	8	6	9	10	2	20	17
F191493879	何佩蓉	77	3	20	15	9	5	14	11	10	12	1	7	18	13	17	4	6	8	19	2	16
E295157080	林子智	77	6	1	3	9	16	2	5	18	10	15	7	4	14	8	19	13	11	12	20	17
F197672374	林政駿	70	15	17	11	1	13	20	12	14	7	9	8	5	19	18	16	4	3	10	6	2
B295261111	林淑娟	92	4	14	5	8	10	16	17	19	20	3	1	11	2	6	12	15	9	13	7	18
F295006294	談淳易	77	5	6	2	9	7	14	8	3	13	1	19	11	20	18	4	17	16	10	15	12
D192357021	陳淑華	83	18	7	15	11	5	13	4	12	10	6	3	8	16	14	2	20	1	17	19	9
D297734511	林昆霖	90	2	1	18	17	19	16	14	11	3	10	13	15	5	6	20	4	9	8	12	7
B199458976	陳美士	67	12	19	16	8	2	4	1	3	5	6	13	10	11	14	7	18	15	17	20	9
F296886536	陳紹依	96	14	7	6	11	9	15	18	8	20	12	2	17	3	13	16	10	5	19	4	1
D192567509	李炳玄	96	17	15	13	2	12	9	7	10	8	6	18	3	14	5	11	4	20	1	16	19
G192673658	許法辛	69	12	1	7	15	19	18	9	11	13	5	14	20	2	17	8	4	3	6	10	16
F191359087	林郁亨	99	15	12	3	20	19	7	11	16	13	4	8	2	17	18	5	14	9	1	10	6
C195262439	鄭淑琬	96	16	6	8	5	19	15	2	20	13	14	17	18	12	1	10	11	7	3	4	9
F295552415	蘇惠婷	68	16	3	4	14	10	18	20	11	8	7	19	17	5	15	12	13	2	6	1	9
H196439635	姜世豪	98	13	15	9	20	4	12	16	11	7	8	6	5	1	17	3	19	14	10	2	18
A193902910	李建信	70	12	10	11	7	17	19	16	9	4	8	20	2	6	3	15	14	13	18	5	1
E198322201	林哲銘	64	8	17	4	20	10	7	11	16	5	1	3	13	14	19	18	12	15	6	2	9
F292360095	胡雅雯	66	17	16	9	15	1	12	5	19	14	20	18	4	13	6	7	11	2	10	3	8
H196200689	盧志明	98	1	12	17	11	2	10	9	5	14	4	15	19	3	6	7	13	8	18	16	20
D193606167	王惠敏	88	14	17	13	2	3	19	16	6	20	4	11	12	9	8	10	18	5	15	1	7
F199416865	張雅惠	86	11	19	16	8	13	2	1	14	20	5	7	18	6	12	3	17	10	4	9	15
D196804290	陳劭儒	75	19	17	14	12	16	7	20	8	4	5	9	13	11	10	3	18	6	15	2	1
H192378015	劉婉瑩	85	1	10	7	20	8	4	16	18	5	11	3	17	13	2	19	9	14	6	12	15
C193710727	鞠乃白	72	19	13	1	10	3	5	14	6	15	4	7	8	2	16	12	11	17	9	18	20
F292414945	葉淑芬	89	7	14	4	2	11	18	15	1	10	16	5	3	9	12	13	6	17	20	19	8
A192818884	宋丞善	85	2	6	14	17	3	4	20	8	15	11	5	16	19	18	1	12	13	7	10	9
G296333086	李虹學	78	15	2	13	6	12	16	11	10	3	9	4	18	1	19	7	17	20	5	8	14
H298055004	林淑如	72	18	15	20	17	8	10	19	12	7	1	4	14	11	13	3	9	2	16	5	6
G296726170	陳禹穎	89	19	15	10	12	18	7	16	11	17	13	5	1	3	14	20	2	9	4	8	6
F291822658	潘炳旺	94	2	8	19	6	7	4	13	16	1	12	17	15	18	14	10	11	3	5	9	20
A195082699	林政哲	75	16	8	7	11	1	12	15	13	18	2	9	14	6	19	20	3	10	5	4	17
C198570296	廖冠宇	75	4	7	19	17	10	1	13	16	11	15	9	3	2	6	20	14	12	5	8	18
H297666790	賴依婷	79	15	4	8	11	18	19	5	2	1	17	12	6	9	16	20	13	10	14	3	7
C198839110	林湘寧	92	1	8	20	17	18	16	4	2	7	10	5	11	19	9	12	15	6	13	14	3
A297401292	張長瑄	82	7	11	2	4	17	16	3	1	18	19	10	20	15	6	5	14	13	8	12	9
A299330778	林松泉	60	10	17	11	6	15	8	20	4	13	5	14	2	19	7	9	1	3	12	18	16
H295496094	陳麗坤	78	10	3	13	17	14	19	11	7	4	20	8	6	2	15	12	9	5	1	18	16
C199860173	周惠君	69	8	14	18	10	5	19	15	11	20	3	16	2	13	17	4	9	12	6	1	7
A191502903	吳明瑋	88	17	20	18	2	9	14	12	19	15	6	11	8	10	7	5	4	3	1	16	13
E193526049	何慧茹	63	10	6	8	9	19	16	4	3	11	13	17	2	1	12	7	15	20	14	18	5
A297001167	錢偉倫	76	2	10	3	7	12	1	6	18	19	5	13	11	9	14	4	20	16	17	15	8
F296831700	林靜琬	98	8	13	19	6	17	1	15	12	7	16	5	14	11	2	3	4	20	10	9	18
C295968689	蘇以年	69	18	7	2	6	5	16	19	11	3	10	20	1	12	15	17	14	9	8	4	13
B297270921	黃建佑	60	6	18	4	11	9	1	15	20	16	8	2	10	12	17	3	14	7	13	19	5
F297239577	王明軒	90	20	11	12	5	4	10	1	13	2	18	14	16	6	19	7	17	15	9	3	8
A193741471	王秀琬	83	14	9	19	17	16	11	13	1	8	5	2	4	18	12	3	15	7	6	10	20
H298846863	陳水全	95	4	11	1	2	20	7	5	16	19	15	18	6	17	8	10	14	12	9	13	3
A295621410	寇婉源	80	14	2	5	6	9	11	1	15	20	19	3	12	16	18	4	8	17	7	13	10
A191811318	張怡芬	89	10	3	18	9	4	12	2	1	19	15	14	8	16	11	6	20	5	7	13	17
E293773568	胡欣怡	76	11	6	5	2	3	14	13	12	1	17	19	10	7	20	8	15	9	16	4	18
B195296818	陳湘夢	97	6	9	18	7	5	1	4	13	19	17	14	20	10	8	16	3	15	2	12	11
B291351838	黃慧凱	88	6	5	20	10	1	3	8	15	18	14	11	4	19	9	7	16	13	2	12	17
D194199321	張淑貞	100	19	6	5	11	10	4	7	9	15	16	1	13	20	17	14	2	3	8	18	12
G294718401	陳彥均	81	2	17	19	14	13	5	3	8	6	10	15	1	20	11	16	12	7	18	4	9
B193099311	王民州	72	2	10	4	20	7	1	13	19	14	15	12	6	17	9	16	11	18	3	8	5
H291871957	周子傑	96	13	9	15	3	16	6	18	8	14	10	17	11	1	5	7	2	4	12	19	20
H191540017	王雅其	72	1	2	19	10	20	4	17	3	11	9	14	13	5	7	6	8	16	18	12	15
F295395312	林苡惠	81	15	11	5	8	9	12	1	20	4	2	7	18	6	14	10	17	19	13	16	3
A199576932	陳與峰	88	12	18	3	19	5	16	13	9	4	8	10	20	2	14	15	6	1	7	17	11
C297084506	楊麗珠	96	3	6	5	1	19	12	4	13	17	18	14	2	8	9	16	7	20	15	11	10
E191749508	張歡璇	86	10	18	17	14	16	15	8	4	11	13	19	1	6	7	5	12	2	20	9	3
C295731646	陳明韋	82	18	1	10	8	17	20	13	14	11	5	16	4	3	7	9	6	12	19	2	15
A198393206	林雅韋	82	5	16	13	8	17	20	11	14	6	1	10	18	7	12	4	9	15	3	19	2
C198443114	楊曼汝	66	6	17	8	2	14	1	19	20	11	10	3	16	4	9	15	7	13	18	5	12
G197565919	陳宜真	66	19	13	20	12	10	17	1	11	8	5	7	3	14	18	4	6	16	9	2	15
B295381145	許家冰	77	2	3	5	7	19	10	12	8	11	17	1	4	18	13	6	16	14	15	9	20
F298381301	王文達	65	15	10	7	11	12	8	18	3	2	4	5	19	1	9	17	13	6	20	14	16
A298644826	崔俊男	68	15	7	17	18	6	11	10	19	4	9	14	16	2	20	12	5	13	1	8	3
F191823877	柯潔枝	70	2	3	16	9	10	15	13	17	20	6	11	4	1	19	5	12	14	8	7	18
B199304713	潘海裕	60	6	14	9	20	8	12	18	2	1	17	15	3	5	4	10	7	19	16	11	13
F291150326	黃文青	87	11	16	8	5	9	18	14	10	2	13	19	15	17	1	3	4	7	12	6	20
C295338716	趙怡雯	97	17	7	13	14	15	9	19	5	6	1	4	8	16	11	3	20	2	10	18	12
D296696067	陳怡君	78	19	6	1	3	5	8	2	13	14	20	17	16	12	15	11	18	9	4	10	7
D293283997	劉怡正	92	11	18	10	20	16	9	13	12	3	1	19	17	8	7	5	2	4	15	14	6
F191054130	趙玲綸	71	3	14	15	10	9	4	7	13	2	1	16	8	12	6	11	20	18	17	5	19
E295990941	黃郁雅	78	18	7	19	5	3	11	13	14	20	1	2	15	17	10	12	16	6	9	8	4
A197495738	顏可弘	88	2	6	4	17	7	16	15	13	5	14	11	3	8	20	19	9	1	10	18	12
A292759220	謝于玟	92	3	13	10	2	4	6	14	12	15	16	7	17	20	9	1	11	8	19	5	18
G293587546	張成木	62	12	2	14	16	7	17	19	4	5	15	1	8	3	18	20	6	13	10	11	9
E199192001	許恆琴	67	14	16	12	19	7	8	4	17	20	9	5	2	1	6	11	10	18	15	13	3
H198311489	唐淑芬	93	10	5	7	8	6	2	14	4	15	9	19	1	20	11	17	16	12	13	18	3
D293088634	林安筠	99	17	12	7	3	13	5	10	11	8	2	20	19	15	18	9	16	14	4	6	1
G297068239	謝文恭	91	16	18	9	7	2	4	5	13	1	8	3	12	17	14	15	6	11	19	20	10
D197140599	黃志偉	97	12	16	6	3	19	10	1	15	9	4	7	14	5	11	17	18	20	2	8	13
E299019438	陳恆萱	93	9	5	11	20	4	16	13	19	12	10	14	6	2	17	1	8	15	7	3	18
B294208503	賴采真	87	9	14	8	20	3	7	17	16	18	15	19	12	1	6	2	10	5	13	4	11
A196060919	許芸萱	83	19	8	12	3	20	15	13	17	11	5	9	2	4	18	10	6	7	1	14	16
C296381775	林博芬	83	2	16	15	12	13	7	4	3	18	19	20	1	14	10	6	9	11	5	17	8
C197521771	林淑愛	92	3	9	14	6	10	2	12	20	1	17	18	7	19	13	4	15	11	8	16	5
B199835320	陳奕平	60	15	18	11	1	5	19	12	17	20	13	4	8	3	16	7	10	14	9	2	6
E193085034	盧欣怡	71	14	5	17	6	20	4	10	11	15	3	13	12	1	8	9	16	2	19	7	18
D298686274	吳貞蘋	60	1	4	10	6	8	13	15	7	3	16	12	9	2	20	11	17	5	14	18	19
E298559380	林育桂	69	16	2	5	1	6	3	9	17	13	15	20	11	7	4	8	18	12	10	14	19
F195706331	陳嘉怡	68	5	9	14	10	6	20	8	16	12	18	13	19	17	4	1	15	11	3	2	7
E192256744	吳宗茜	72	3	12	11	14	10	16	19	5	1	6	13	9	17	4	2	15	7	8	18	20
A196102574	杜勝恒	66	4	15	9	2	7	3	14	11	8	17	12	19	13	5	1	16	10	6	18	20
F192808249	陳軒天	67	11	13	2	19	3	17	14	12	6	15	9	20	5	10	18	7	1	16	4	8
E191294213	烏承賢	85	13	18	16	17	5	20	10	9	2	4	12	11	1	3	6	8	14	7	19	15
H297184293	李泓謙	67	18	15	2	16	12	7	20	5	1	10	4	19	14	8	13	17	11	6	3	9
D197741041	明偉倫	79	9	18	1	8	4	19	10	11	15	12	7	3	2	13	6	14	20	17	16	5
G295230559	張怡婷	99	1	2	13	20	16	8	12	19	18	11	17	5	15	4	3	7	6	10	9	14
C297923633	謝淳明	80	5	18	9	11	7	17	19	8	20	12	3	14	13	2	10	6	4	15	16	1
C299469356	丁博丹	75	15	16	2	19	12	14	10	5	17	8	6	1	18	3	9	7	11	4	20	13
B196577849	王碧雲	67	7	13	9	16	20	6	12	1	11	10	17	14	8	3	18	2	15	5	19	4
H198119823	張凱麟	82	2	16	14	20	11	10	15	7	12	19	4	18	5	8	1	3	6	13	9	17
G298556461	黃志翔	92	2	15	10	4	1	6	13	18	16	19	20	8	14	12	17	5	11	9	7	3
C192609994	蔡敏美	74	5	6	1	18	17	7	20	8	19	9	15	10	11	13	12	3	14	4	2	16
H194649893	彭玟延	86	7	5	11	9	14	2	12	10	19	16	6	4	13	20	8	3	18	1	15	17
D295373734	劉惠文	93	11	1	12	7	8	16	2	9	5	6	14	10	4	17	15	18	13	20	3	19
A294577744	陳惠如	87	2	20	3	1	5	11	4	12	13	14	19	17	16	18	7	8	6	10	9	15
A295360074	駱淑芬	89	11	5	3	20	7	8	16	2	14	12	19	6	13	17	9	15	10	18	4	1
E193647007	劉俊傑	78	10	17	18	9	5	8	19	7	12	14	13	1	6	16	15	11	20	4	2	3
E191692915	林秉勳	60	7	4	5	18	13	10	14	11	6	16	9	8	3	2	1	12	19	15	17	20
C195864853	黃馨伸	83	10	5	17	12	4	1	8	6	15	16	9	3	11	13	19	7	2	14	18	20
F193942311	王冠宇	81	5	4	15	2	14	20	9	12	8	7	13	16	11	19	3	6	18	1	17	10
F199201908	吳宛白	83	16	1	5	15	14	9	3	7	19	18	8	20	10	12	17	11	2	6	4	13
G298497412	李秀源	60	17	5	16	19	7	12	3	11	8	4	18	2	13	1	6	10	15	9	14	20
E291236133	陳怡文	63	17	3	11	20	5	4	13	2	8	14	10	15	9	16	18	1	12	6	19	7
F196179856	徐偉迪	99	4	16	10	12	8	2	7	19	9	14	3	15	5	11	17	18	13	1	20	6
D298496985	黎麗卿	76	11	16	7	15	6	4	20	13	19	2	17	9	14	12	8	1	5	18	10	3
A195541353	宋信豪	94	5	16	6	4	3	19	10	8	15	9	11	14	18	7	2	1	17	13	12	20
E191626975	林玉裕	65	10	20	6	15	8	17	9	3	16	18	5	7	13	2	11	1	14	12	19	4
F296625506	吳有瑞	68	19	4	5	16	14	7	6	10	3	8	2	12	18	15	1	11	20	13	17	9
F293472530	高康意	77	6	10	14	11	9	19	7	1	12	16	13	17	3	5	15	18	20	4	8	2
F295152700	李佩娟	63	5	18	8	2	4	6	20	7	17	11	15	19	3	1	14	13	10	16	12	9
D292061504	李冠伶	98	4	6	12	11	19	13	5	17	14	7	3	10	18	1	15	8	2	9	20	16
D192902982	賴韻如	99	14	18	5	11	1	16	7	20	6	4	8	10	9	15	3	13	12	19	2	17
G194271401	楊志遠	60	15	3	7	2	10	17	18	20	8	9	4	13	1	5	6	14	11	19	12	16
F297964128	田怡君	71	5	9	19	4	6	12	20	11	7	8	18	14	17	13	3	10	2	15	1	16
A197617903	郭家屏	76	18	1	8	16	2	3	19	10	9	12	20	14	17	6	4	5	15	11	7	13
F195422063	柯科美	77	20	1	13	12	11	7	5	9	15	14	3	16	6	18	4	8	17	19	10	2
C299881021	陳惠君	70	14	19	20	2	5	12	8	16	18	11	15	17	10	4	9	3	6	7	13	1
F293034576	黃榮娟	64	12	16	19	8	7	15	6	14	9	13	20	3	17	4	2	18	5	1	10	11
E192418593	王婷婷	70	15	16	17	2	14	12	9	10	4	19	5	18	3	7	13	11	20	8	1	6
F296682485	林玄聖	91	10	5	4	12	6	15	16	19	2	3	20	7	14	18	13	11	1	9	8	17
C194366894	王佳怡	73	15	1	3	10	11	19	14	9	8	18	7	5	13	17	2	4	12	6	20	16
A295805649	崔愛光	62	20	10	16	9	5	14	8	3	7	15	13	1	17	12	2	18	11	6	19	4
F292160362	邱漢華	82	15	14	10	16	8	12	11	1	3	4	20	17	13	5	19	7	6	2	9	18
E193554892	王喬中	73	19	7	16	9	3	11	15	20	5	13	10	17	2	12	8	18	4	1	14	6
E295562787	林宇韋	85	12	11	20	14	19	13	3	9	17	6	5	4	16	7	2	18	8	15	10	1
E197707308	蔡士豪	67	15	11	8	6	3	18	16	7	10	4	9	12	13	19	20	2	1	14	17	5
H197351854	蔡麗峰	70	4	3	18	6	9	8	20	14	12	7	19	17	11	2	16	15	10	13	5	1
G196549064	陳于婷	95	9	1	17	15	18	8	11	16	12	14	2	13	4	19	5	6	10	20	7	3
D297791383	黃昱行	99	3	20	4	17	1	5	14	8	7	10	12	11	18	9	2	13	15	6	19	16
G291966987	許孟璇	88	15	16	6	2	10	12	3	11	13	14	5	7	1	20	9	18	8	19	4	17
E196770343	許奕君	66	8	20	19	14	2	17	10	16	7	11	4	3	5	12	15	6	18	13	9	1
A194715368	林淑能	71	3	12	10	1	6	16	17	18	15	13	9	14	20	19	8	7	11	4	5	2
E191433569	諸祐順	98	4	18	11	6	2	13	14	3	12	20	8	5	19	17	15	16	9	7	1	10
D195819591	黃文沛	65	19	20	1	9	7	16	12	10	13	15	14	8	3	17	11	5	2	6	18	4
H193513090	盧岳紹	74	14	1	8	9	6	16	7	12	4	20	15	11	10	3	17	13	19	5	2	18
F291215279	王秀慧	67	12	11	10	4	9	2	14	17	16	5	1	3	8	15	19	7	13	20	18	6
G293484059	林宗儒	100	10	8	16	5	1	20	15	3	7	11	4	6	2	12	19	18	14	17	9	13
D197370711	蔡冠伶	100	18	1	2	10	11	13	6	8	14	12	9	20	5	15	19	7	16	17	4	3
E298436104	蘇祐貴	92	7	19	13	3	8	4	15	11	2	12	9	20	1	18	6	5	17	16	10	14
G299822660	王喬育	74	4	1	12	15	13	14	9	6	17	19	2	11	7	20	10	5	3	18	8	16
B294172508	黃詩雅	67	10	14	2	11	12	5	15	6	13	18	20	4	1	9	16	17	7	3	8	19
B299516742	邱薇啟	88	12	1	4	11	3	15	14	8	2	20	19	7	17	9	6	18	16	5	13	10
F198446074	朱立偉	88	19	10	5	2	4	13	14	11	1	15	6	9	7	18	16	3	17	12	20	8
C295273514	黃燦財	63	15	13	17	12	18	6	11	1	16	2	9	20	4	5	3	7	10	8	14	19
C199090680	劉育淑	95	3	14	12	20	10	1	5	13	4	9	6	8	7	15	19	2	11	18	16	17
H294141045	黃淑婷	97	11	15	13	10	4	9	20	17	18	2	3	1	6	19	14	16	12	8	5	7
B297036321	陳雅茹	79	18	9	7	19	5	11	8	20	13	16	6	17	4	2	14	3	10	12	1	15
A296036442	李俊原	75	19	3	12	11	9	5	1	8	2	20	18	4	13	6	7	16	15	14	17	10
F197024725	吳佩軒	64	5	1	12	16	8	3	10	14	9	4	19	7	11	20	2	15	6	13	17	18
D291119190	林雅珠	81	8	6	3	4	19	5	12	1	16	13	11	15	10	14	18	17	7	20	9	2
D191828754	謝義添	88	3	5	13	18	20	2	11	9	6	4	12	10	17	8	19	7	14	1	16	15
D194289026	張瑋山	60	18	5	14	4	13	17	9	3	15	1	11	19	7	12	16	10	8	20	6	2
E293854666	戴鴻如	97	4	9	17	20	1	14	10	3	13	19	8	7	15	6	16	2	11	18	5	12
C299127764	許瑞盈	69	7	10	13	3	18	15	1	9	17	6	20	4	12	2	14	19	8	11	5	16
D193010018	陸子豪	93	16	4	3	2	12	1	9	19	6	8	11	13	10	7	15	14	5	18	20	17
F298426949	陳淑娟	82	4	10	1	9	18	5	2	6	17	11	7	20	13	19	16	8	12	3	15	14
C198525531	瞿俊賢	97	15	13	19	17	2	5	18	8	12	9	6	1	10	7	14	20	3	16	11	4
F194865028	顏小妃	95	11	18	2	15	16	3	14	13	19	8	17	12	5	7	20	6	1	10	4	9
F198776193	劉俊明	89	11	1	18	3	20	4	15	8	13	17	7	19	6	9	12	2	10	16	14	5
C293554016	劉怡靜	90	20	5	14	7	2	9	3	16	17	19	11	4	15	8	1	13	18	12	10	6
B296570075	李彥璋	79	2	17	8	20	15	5	12	6	18	14	1	7	19	3	9	13	10	4	16	11
D297774088	曲俊男	91	6	17	5	4	11	7	15	8	3	12	10	19	2	18	14	20	16	1	9	13
E197702189	孫曼恒	65	7	15	19	6	10	8	9	12	1	17	18	16	20	13	14	11	3	4	5	2
F195882701	陳佳良	61	20	13	14	17	12	16	3	6	11	1	19	5	2	10	8	7	4	9	15	18
H297327690	鄭孝容	62	14	12	19	16	1	17	10	7	15	11	9	5	20	6	3	18	2	8	4	13
A292426600	許怡欣	62	13	1	7	12	9	17	18	20	11	19	10	6	15	5	2	4	3	8	16	14
B196914271	李佳毓	72	19	1	2	11	14	12	13	7	3	4	8	20	6	18	10	17	9	16	15	5
H291399110	劉冠輝	82	16	19	3	10	20	11	4	6	7	1	8	2	14	17	13	9	12	5	15	18
F197298065	王智山	73	2	7	10	15	5	1	9	3	4	16	19	8	11	18	13	12	14	20	6	17
G296200180	張豐延	82	16	3	14	6	19	15	20	5	11	17	4	1	9	10	8	7	13	18	2	12
F195471842	李尹勇	92	2	1	11	7	18	13	8	20	19	5	6	17	4	16	15	12	3	9	10	14
A198155537	李宜盛	62	7	19	20	10	2	16	15	14	4	6	1	8	3	9	5	12	18	13	17	11
D291229299	黎國中	65	7	3	9	5	4	2	8	1	10	6	14	20	18	17	12	15	19	16	13	11
E196050515	吳家良	76	7	6	3	8	2	9	10	1	4	5	15	16	20	12	18	17	13	19	14	11
F193413735	李政宇	62	4	7	8	10	9	2	1	6	5	3	11	19	20	17	12	16	15	18	14	13
G195304945	吳慧中	99	2	4	3	5	8	7	10	1	9	6	18	11	19	12	17	14	16	20	15	13
C298832882	王寶原	71	5	8	2	7	6	1	9	4	3	10	18	12	14	16	13	19	11	17	15	20
F297623613	倪舒婷	72	8	1	7	9	6	5	10	4	2	3	13	18	17	16	12	11	19	14	20	15
C295910227	林秀念	65	8	3	9	6	2	4	1	10	7	5	15	16	17	20	11	12	13	18	19	14
B295829364	姚聖凱	79	10	2	1	9	4	5	3	8	7	6	16	15	17	14	20	19	13	12	18	11
B291123496	楊緯紫	74	10	4	1	8	6	3	7	5	9	2	12	13	16	20	17	15	18	14	19	11
B195839939	姜揚枝	82	8	10	3	6	7	5	2	9	1	4	13	15	20	12	16	17	18	14	11	19
H295866185	時淑火	84	10	1	2	5	9	8	6	4	3	7	12	11	13	19	17	16	15	14	18	20
C193201090	許惠淑	62	9	3	5	2	4	10	8	1	6	7	17	16	20	19	12	15	14	18	11	13
C296299870	陳思宸	91	3	4	6	2	7	8	5	1	9	10	18	19	11	20	13	15	12	14	17	16
C291633201	陳雅娟	87	8	5	3	7	9	1	4	10	2	6	15	13	11	17	16	18	12	19	14	20
A295632253	陳昱城	62	5	7	1	9	6	8	4	10	3	2	12	15	20	13	18	17	19	14	16	11
G191870617	許淑吟	73	1	7	10	9	4	8	3	6	5	2	13	17	19	14	20	18	11	15	12	16
H296041404	錢育瑋	74	2	6	5	8	9	3	10	1	7	4	14	16	20	18	15	13	17	11	19	12
H295972982	陳士羽	65	7	8	3	1	9	10	2	5	4	6	13	12	14	18	20	19	16	15	17	11
G191940598	沈丹群	87	8	9	5	6	10	4	7	3	2	1	15	17	14	16	12	19	13	20	11	18
D199925714	賴昇延	65	4	7	9	3	8	5	6	1	2	10	16	11	19	18	14	20	15	12	17	13
A194588709	李怡佳	75	3	8	9	5	2	10	6	7	4	1	14	17	18	12	20	13	16	19	15	11
C197474286	林江韋	65	10	1	7	9	8	5	6	4	3	2	11	14	20	17	18	15	16	19	13	12
A295279283	吳豪勇	80	5	2	1	8	10	9	4	7	6	3	14	17	12	13	11	18	16	15	20	19
A198562532	李淑貞	84	9	1	3	7	6	4	5	8	10	2	18	11	20	16	19	17	15	12	14	13
F197946879	林淑芬	76	5	7	10	9	6	1	3	8	2	4	20	19	12	18	15	16	11	13	14	17
C191204271	周俊翔	62	7	9	5	4	10	3	8	6	1	2	17	15	20	11	18	12	14	13	19	16
D195375781	賴睿誠	68	8	7	9	6	5	1	4	3	10	2	19	17	20	16	18	11	14	12	13	15
A292658862	盧思豪	74	2	5	8	4	7	6	10	3	9	1	14	16	13	18	20	17	11	15	19	12
D299704413	洪昱廷	89	4	1	7	2	10	5	9	3	6	8	15	14	13	12	19	17	16	20	11	18
C193461041	蔡俊廷	78	2	6	9	5	8	4	7	3	1	10	14	19	18	16	11	17	20	12	13	15
A295450019	王秀行	99	5	10	6	2	7	3	4	8	9	1	13	19	12	14	15	17	18	11	16	20
C198838042	呂崇航	64	2	1	3	4	6	9	5	7	8	10	18	19	12	11	13	14	20	17	16	15
D297991785	林鈺亨	97	2	3	5	6	8	10	9	7	4	1	18	19	16	15	14	20	12	11	13	17
E193464044	葉孟穎	69	3	10	4	9	2	5	6	1	7	8	18	14	19	13	20	16	17	15	12	11
E197681818	林怡博	65	6	3	10	5	4	8	1	7	2	9	13	19	14	12	16	17	20	18	11	15
A192091356	王玫蓉	81	5	10	8	4	3	7	9	2	6	1	12	16	19	14	20	17	18	13	11	15
E298788032	林堅佳	79	6	7	8	9	5	10	2	1	4	3	11	19	14	18	20	15	17	12	16	13
F196121930	劉怡如	63	6	1	2	8	9	7	5	4	3	10	16	17	15	20	18	14	12	13	11	19
G192184236	羅鎮輝	60	8	7	3	2	1	9	6	4	5	10	20	12	16	17	19	18	15	13	11	14
E297039343	陳品倩	88	8	6	10	5	7	2	1	4	3	9	12	14	17	15	19	11	20	13	18	16
E296538132	袁京哲	64	2	7	9	10	6	3	5	8	1	4	13	19	16	17	12	18	11	15	20	14
A299816086	鄭冰全	83	10	5	3	8	2	7	1	6	9	4	20	18	13	19	16	11	12	15	17	14
F193685375	張慧茹	97	6	4	10	9	2	1	7	8	5	3	20	14	15	16	17	13	12	11	18	19
H294627175	黃文修	64	2	1	10	5	8	6	7	9	3	4	14	20	18	15	11	16	17	13	12	19
F199920015	曾裕翔	60	1	9	5	8	2	7	10	6	3	4	12	14	18	20	19	15	11	16	13	17
F294202961	陳民星	96	1	3	5	7	2	6	8	10	4	9	12	17	15	19	14	11	18	13	20	16
F191007337	劉鈺婷	78	8	4	9	6	5	1	3	2	10	7	12	16	18	15	14	19	17	13	20	11
H197629231	黎佩君	82	3	6	5	7	10	9	1	4	8	2	18	11	19	12	16	17	20	14	13	15
A291625770	孫韻如	86	1	8	6	7	2	4	3	9	5	10	15	19	16	11	12	14	20	13	17	18
D292319710	楊淑婷	98	5	3	9	7	4	1	2	8	10	6	17	16	15	14	11	19	18	12	13	20
G293299443	高孟君	99	3	8	9	2	4	1	7	5	6	10	18	13	19	16	20	17	15	14	12	11
F191567598	陳旭茵	64	4	7	10	2	6	5	1	3	9	8	14	11	16	18	17	20	12	15	13	19
D194085591	李志成	91	1	10	8	3	4	2	5	6	7	9	18	20	13	17	16	12	11	15	19	14
A197060226	黃淑貞	75	2	6	1	7	5	4	9	10	3	8	14	12	13	16	19	18	20	17	11	15
F197421322	蘇珍康	68	9	1	5	6	10	4	8	3	7	2	16	15	11	13	20	19	14	17	12	18
D192671820	陳冠旭	80	9	7	3	5	2	1	10	4	8	6	18	13	20	17	19	16	12	15	14	11
A194597191	張宗翰	84	7	6	4	2	3	10	1	9	5	8	18	15	12	13	20	16	19	11	14	17
C296364505	林柏宏	81	4	8	1	2	6	5	9	10	3	7	18	13	14	17	15	16	19	12	11	20
A196049705	許子春	87	3	9	7	5	10	2	6	1	4	8	12	15	19	13	14	18	20	16	17	11
H193455548	林彥香	75	7	2	3	1	4	9	6	8	10	5	14	16	12	20	13	17	11	18	15	19
F299179958	陳柏聖	75	10	1	5	3	6	4	7	8	9	2	19	13	12	18	16	11	15	20	14	17
H291605042	謝淑芳	80	6	3	2	10	7	8	4	1	9	5	16	17	15	19	18	11	13	12	20	14
B294725876	何婷正	73	3	8	5	6	7	1	10	9	2	4	14	15	17	19	18	11	16	12	20	13
F194387289	孫美慧	94	8	2	3	7	5	10	9	4	6	1	12	17	14	11	20	15	19	16	18	13
E292924418	楊志強	94	10	1	6	2	9	4	5	7	3	8	17	13	15	12	11	16	20	18	19	14
C297526938	陳政成	65	3	2	4	1	10	7	8	5	6	9	19	14	18	17	15	20	12	11	16	13
A198103033	吳孟修	77	5	7	8	1	9	4	10	2	6	3	11	18	13	14	16	15	19	17	20	12
E297318045	陳倫妍	84	3	9	1	4	10	2	5	6	8	7	18	17	14	13	11	16	15	19	20	12
B297372000	蔡凱婷	69	8	9	4	6	1	10	2	7	5	3	16	17	19	20	12	13	11	18	15	14
D292105029	李珮誠	75	9	7	10	6	3	5	2	8	1	4	18	15	11	19	16	12	20	13	14	17
F298145216	鄧佑霖	100	5	4	10	9	6	8	3	7	1	2	20	14	19	12	16	11	17	13	15	18
D196752737	邱佩珊	70	9	7	2	1	10	4	5	8	3	6	14	17	20	11	19	13	15	18	16	12
C192783557	陳佳伶	84	8	6	4	7	5	3	2	10	1	9	13	15	20	19	14	11	16	17	18	12
E195171748	張怡婷	99	8	3	7	10	4	5	9	2	1	6	19	11	16	18	13	20	12	15	17	14
G194429514	胡靜如	72	9	7	4	6	5	3	2	1	8	10	12	20	17	11	14	16	18	13	19	15
D193851902	蘇亭啟	62	10	6	7	3	8	9	2	5	1	4	14	15	18	11	20	19	17	16	12	13
B294470465	杜惠珠	100	7	4	8	6	2	10	1	9	5	3	18	16	17	15	14	11	13	19	12	20
E291037998	吳俊純	97	6	4	2	5	1	8	10	9	7	3	19	12	14	16	18	15	20	17	13	11
A198634962	陳新月	86	8	3	10	6	4	9	5	1	2	7	17	20	13	15	16	14	12	19	11	18
C298664839	洪伊韻	67	2	3	10	1	4	8	5	7	9	6	19	20	17	16	18	13	12	11	14	15
A291765797	李明其	85	5	7	9	4	1	6	3	10	2	8	11	18	13	12	17	14	19	15	16	20
G193108034	陳怡萱	90	1	9	3	4	2	6	5	10	8	7	13	12	15	20	11	17	19	18	16	14
C194778901	黃彥伶	91	10	7	9	1	4	2	8	3	5	6	12	19	13	11	14	17	18	15	16	20
A294066764	柳春欣	74	1	3	7	6	5	2	4	8	10	9	16	18	15	17	11	13	19	20	12	14
E298878899	楊曼瑞	67	2	3	8	4	6	5	9	7	10	1	19	13	16	17	14	11	20	12	18	15
E192889949	蘇雅辰	62	7	5	8	2	3	1	9	6	10	4	13	11	15	16	20	17	19	12	18	14
A295417005	鄭麗軍	62	8	6	1	9	7	5	10	4	3	2	15	12	18	11	19	14	20	16	13	17
D297117574	林嘉湖	66	6	3	7	2	5	4	10	1	9	8	15	18	17	19	16	11	14	13	20	12
A293529548	郭雅鑫	61	2	9	5	10	1	7	4	3	8	6	13	19	16	17	18	12	14	20	11	15
C191366052	劉淑玲	95	9	2	3	5	10	1	8	4	7	6	12	19	16	18	15	20	11	13	17	14
E295894462	郭佳欣	70	7	5	8	3	2	4	6	9	1	10	20	12	17	16	15	19	14	11	18	13
G199063383	黃國心	79	8	2	7	5	1	9	4	10	6	3	17	11	13	18	12	15	20	14	16	19
H197395767	吳冠雪	62	8	9	5	6	4	2	10	7	3	1	17	20	13	16	18	12	11	14	15	19
F296388188	吳明惠	96	4	8	2	7	10	5	9	1	3	6	13	19	11	18	15	20	12	17	16	14
F198463600	曾俊吉	88	8	1	5	10	3	2	9	4	7	6	11	19	15	18	20	16	12	13	17	14
F293719403	蔡智偉	81	1	8	3	9	2	5	7	4	10	6	12	11	14	15	20	13	16	18	17	19
G194534976	詹孟儒	80	6	7	2	10	5	1	3	8	9	4	16	13	12	11	18	17	14	15	19	20
F299167332	陳懿佐	86	5	7	2	8	1	6	10	4	9	3	15	19	12	16	13	20	14	18	11	17
D299621473	蘇浩胤	77	5	1	4	6	10	9	3	7	2	8	20	17	19	14	16	11	18	13	15	12
C195474126	曾芃屏	78	5	1	8	10	9	6	4	2	3	7	18	13	20	15	19	14	11	12	17	16
H293392459	吳任苓	80	7	3	6	1	10	4	8	5	2	9	18	14	12	19	11	17	15	13	20	16
D295711976	鐘淑珍	92	8	2	4	3	7	10	1	9	5	6	14	19	15	16	12	18	17	20	13	11
D291937438	沈其綠	88	4	10	2	7	5	3	9	6	1	8	14	20	19	13	15	11	16	17	18	12
F197705681	王郁婷	80	5	4	3	6	8	2	7	9	10	1	14	12	16	13	20	19	17	15	11	18
A299684986	楊淑育	76	10	1	8	5	7	9	2	6	3	4	14	17	15	12	13	19	20	11	18	16
A194728767	王思婷	76	9	2	10	6	7	5	4	3	8	1	18	17	19	16	13	15	12	20	14	11
B194490072	張妍堅	72	5	9	4	10	6	7	8	3	1	2	20	17	15	12	11	14	13	18	16	19
C196698059	張伶政	90	2	7	9	8	6	4	5	3	1	10	14	18	11	13	12	20	17	19	15	16
G294156938	陳英傑	78	6	5	1	2	4	3	8	7	9	10	19	15	20	11	18	16	12	17	14	13
F299772208	黃政儒	79	5	8	9	7	6	1	10	4	2	3	14	17	12	13	19	11	20	18	16	15
A192106932	林益燦	95	10	7	4	1	5	3	2	6	8	9	19	15	18	16	11	12	14	17	13	20
D194382380	許和容	90	2	9	7	4	10	6	1	5	3	8	15	12	19	13	14	16	20	17	18	11
C294943151	蘇珈文	86	6	10	4	7	3	8	2	1	9	5	12	18	19	15	16	20	13	17	11	14
D299195674	王郁佩	83	2	10	7	4	6	3	1	8	5	9	20	16	13	18	14	12	15	19	17	11
H195193612	唐湘維	60	4	5	6	8	3	9	2	7	1	10	19	16	12	17	15	18	13	14	11	20
E194212204	林晏能	80	8	3	1	4	10	5	6	2	7	9	19	11	16	15	20	13	12	17	14	18
D192245820	耿啟順	63	1	8	6	10	4	5	3	7	9	2	12	14	16	17	20	19	18	13	11	15
H196292865	賴佩芬	73	1	8	3	4	9	2	6	5	10	7	18	12	17	15	13	16	20	14	11	19
D194748002	許慧婷	74	8	2	7	3	6	5	1	10	9	4	13	20	12	15	14	11	17	19	16	18
A192365511	蔡士鑫	62	4	2	6	10	9	1	7	5	8	3	18	19	12	11	13	20	16	14	15	17
E292220371	吳思貴	94	6	7	3	5	8	4	1	2	9	10	17	20	13	12	18	15	16	14	19	11
C191127788	王方來	89	6	7	1	10	3	4	2	9	8	5	17	18	20	12	19	16	15	14	11	13
F198401860	秦明憲	80	10	8	4	9	1	2	6	3	5	7	17	16	13	11	15	19	20	18	14	12
A294212060	陳政喜	63	10	1	6	9	4	8	2	3	7	5	11	20	16	12	19	15	13	17	18	14
H299103456	程瓊慧	81	6	5	7	4	8	10	9	3	2	1	12	19	17	18	16	20	15	11	13	14
F299953669	林靜如	82	8	4	3	5	7	2	9	10	1	6	15	17	13	12	20	11	14	18	19	16
E192807107	賴蘭定	90	3	1	9	8	10	5	2	7	4	6	15	19	13	18	20	16	17	11	14	12
C195237954	蔣士哲	61	10	3	7	6	5	4	1	8	9	2	11	15	13	14	18	12	20	17	16	19
A296078664	王智音	80	10	2	4	1	6	3	8	5	9	7	17	11	12	19	14	16	13	20	18	15
H198468054	藍仰岳	66	5	6	4	7	1	8	3	2	9	10	18	15	16	17	14	12	11	19	13	20
D197145834	鄭吟邦	74	7	8	9	1	3	5	4	6	10	2	13	14	19	18	11	17	12	16	20	15
H198383672	鄭琬燦	89	2	4	9	6	8	10	1	3	5	7	16	14	19	11	12	13	17	18	15	20
F297772059	趙裕仁	72	8	10	4	2	5	6	7	1	9	3	20	19	16	12	14	13	17	15	11	18
H199894414	陳禹祥	81	6	9	5	7	8	2	4	1	3	10	14	20	19	12	17	13	11	16	18	15
C195612386	李雅慧	90	5	3	2	6	8	9	4	1	10	7	16	13	11	17	12	18	14	15	20	19
E294252951	謝向彥	99	4	2	1	10	6	5	8	7	3	9	14	15	12	17	18	13	19	20	16	11
G293826753	葉佩珊	67	5	7	8	1	6	10	2	4	3	9	11	12	15	14	16	17	19	20	13	18
B297503765	吳柏菱	72	1	7	2	6	3	8	5	4	10	9	18	12	15	14	19	17	20	11	13	16
E295184827	牛小恭	91	1	10	9	3	6	2	7	4	5	8	14	12	11	20	13	16	19	17	15	18
D194423993	吳文海	79	5	6	4	1	3	7	2	8	9	10	14	13	17	20	11	16	19	15	12	18
C298607870	林瑜白	82	10	5	7	6	3	4	9	2	8	1	18	16	11	20	13	15	17	12	19	14
C195697496	張大鈞	69	3	9	10	8	1	5	6	2	7	4	14	16	13	11	19	15	18	12	20	17
B299040225	黃美任	88	1	5	4	8	7	3	2	6	9	10	16	20	17	12	13	14	18	19	15	11
B197403151	吳信雯	71	1	10	5	4	3	7	8	6	9	2	14	11	18	17	16	13	19	15	12	20
A292074491	吳育維	75	4	1	3	5	2	9	7	10	6	8	16	18	13	12	19	17	20	11	14	15
G193733653	陳姵隆	66	7	6	2	3	5	8	1	9	4	10	12	16	18	13	17	19	14	15	11	20
E295356690	楊雅玲	83	9	2	8	10	7	5	1	6	4	3	19	16	13	17	14	11	15	20	12	18
C199070866	陳穎卉	89	4	3	5	2	6	9	10	8	7	1	15	18	12	20	16	11	14	13	17	19
H298594015	鄭韋水	79	5	1	9	6	3	4	7	10	8	2	11	13	14	20	16	19	17	15	12	18
C199628228	蔡哲瑋	87	9	4	5	8	3	6	2	7	10	1	15	16	19	13	11	14	20	18	12	17
F197444674	陳明憲	95	7	8	9	2	10	4	1	3	6	5	19	17	12	14	15	16	20	18	11	13
D295297962	周怡宜	61	3	9	6	4	1	10	8	7	5	2	13	17	18	11	12	20	19	14	15	16
C199563624	李俊妤	91	8	9	3	5	4	7	1	2	10	6	18	20	13	14	19	12	11	17	15	16
D293604094	陳玲夫	61	8	5	1	10	9	4	2	3	7	6	15	11	17	16	12	18	13	20	19	14
A196769248	蔡宜芳	89	10	6	4	9	7	5	8	3	2	1	20	19	16	13	18	17	14	12	11	15
F199416829	張鈞意	72	10	9	5	4	8	3	7	2	1	6	14	16	15	11	17	13	19	18	12	20
G198297198	晏人岳	82	1	6	5	9	3	8	2	7	4	10	13	15	11	19	20	16	18	12	14	17
E198712349	杜美玲	76	10	6	8	3	7	2	4	1	9	5	19	17	12	18	16	11	13	20	15	14
H191612509	李佩蓁	68	6	1	4	3	5	8	10	9	2	7	18	17	14	15	19	11	12	20	16	13
H292027837	劉怡芷	85	9	4	2	6	3	5	10	1	8	7	16	17	11	13	20	19	12	14	15	18
C195213267	呂婉玲	62	9	7	5	4	1	10	3	2	8	6	13	12	15	20	14	16	11	17	18	19
A298626784	李靜宜	77	8	4	6	9	1	3	2	10	5	7	20	15	17	14	12	19	18	11	16	13
C296753271	蔡欣怡	69	5	3	4	6	10	8	1	9	2	7	18	13	14	19	17	20	11	12	16	15
C195721497	蔡珍卿	62	6	9	5	2	4	10	1	8	3	7	19	12	13	20	14	18	16	15	11	17
A296196658	張鈞書	85	7	2	9	8	5	6	1	10	4	3	17	20	15	16	14	13	18	19	11	12
C198502618	林明幸	87	3	10	7	8	2	1	5	6	9	4	18	12	16	11	15	13	14	19	20	17
A196140083	劉怡旺	82	7	3	6	8	1	2	4	9	10	5	12	17	13	11	20	19	14	15	16	18
E294465065	陳肇昌	82	7	10	1	4	6	8	2	3	9	5	19	16	17	14	12	15	11	18	13	20
C299345771	許喜江	92	5	9	3	10	2	7	4	8	6	1	15	17	20	14	18	12	19	11	13	16
B194468669	鈕淑玲	92	9	3	4	7	1	10	2	8	5	6	18	17	14	20	19	15	13	16	11	12
H294470578	蔡小文	80	5	6	10	9	8	3	4	7	1	2	15	11	12	14	18	19	20	13	17	16
G192426060	劉政儒	99	1	9	3	5	2	4	10	6	8	7	14	19	11	20	17	15	13	16	12	18
D193426749	劉佳修	66	10	8	5	2	6	4	3	7	1	9	18	16	15	13	17	14	12	11	20	19
E193442762	陳旺岑	74	6	5	10	4	1	7	2	8	3	9	14	18	11	13	16	20	15	12	19	17
C191528196	陳美忠	62	4	6	2	3	1	5	7	8	10	9	11	14	12	20	16	15	17	13	19	18
A192793533	陳紫筠	74	9	2	5	6	7	10	3	8	1	4	14	11	12	15	19	18	20	13	17	16
G299673078	吳佩元	100	5	8	6	4	9	7	1	10	2	3	13	18	12	17	19	14	15	16	20	11
G197053085	楊瑋維	92	3	6	1	4	8	7	10	5	9	2	11	14	15	19	17	18	13	12	20	16
B194938442	林俊宏	63	10	1	6	5	9	8	2	3	7	4	15	20	19	17	11	14	13	18	12	16
D292633420	周東琪	71	1	10	6	3	2	9	7	8	4	5	17	11	16	14	15	12	13	20	18	19
H293450027	林宜霞	88	6	3	8	7	5	1	2	9	10	4	16	11	19	13	17	15	12	20	18	14
C191447392	林軒燦	80	4	10	3	2	6	5	9	7	8	1	17	11	16	19	20	14	13	18	15	12
D198034474	徐柏勳	81	2	3	1	8	5	7	4	9	10	6	12	14	18	20	19	16	11	13	17	15
F293685902	黃淑貞	93	4	8	7	9	3	6	5	1	10	2	11	16	12	17	15	13	14	20	18	19
C294138490	葉建宏	76	8	7	5	1	3	10	9	2	4	6	16	15	11	17	20	12	13	19	18	14
G191034666	林文祥	94	7	4	10	6	3	5	9	8	2	1	12	14	18	15	11	16	17	20	13	19
B193607448	陳志強	85	10	6	3	1	8	4	5	7	2	9	18	19	17	14	16	11	20	15	13	12
B291469666	謝康順	71	3	6	2	9	4	10	1	8	5	7	11	20	18	12	15	19	17	13	16	14
B291243671	李鴻善	71	4	10	7	8	9	6	5	1	2	3	13	15	18	19	12	17	14	16	20	11
C199319055	李歡函	81	1	9	10	5	3	4	8	6	2	7	20	13	18	11	19	16	12	14	15	17
H192694783	顏昭倫	100	3	1	9	6	8	7	5	10	4	2	14	19	16	11	13	20	12	17	18	15
E294568490	陳怡禎	94	9	5	7	6	3	1	4	8	10	2	18	11	19	16	12	15	14	20	17	13
C197175288	蔡明雲	60	1	5	3	7	2	8	4	6	9	10	17	11	16	13	14	12	20	19	18	15
C294442524	黃冠雅	74	9	1	4	5	7	8	10	6	3	2	16	13	20	18	14	11	19	17	12	15
E191759764	宋善喬	77	9	8	6	3	4	10	1	2	5	7	15	12	19	16	13	18	11	20	14	17
D192863837	杜妍青	67	1	7	3	4	2	5	10	8	9	6	12	18	19	20	15	14	17	13	11	16
H197589554	蔡冠傑	84	3	6	9	4	1	2	5	8	10	7	13	20	18	14	15	17	19	11	16	12
D191616923	袁曉萍	81	2	8	4	1	10	7	5	9	6	3	19	18	13	15	16	12	17	14	11	20
H295626038	林雅貞	81	8	7	6	1	10	3	2	5	4	9	17	16	13	15	14	18	12	11	20	19
F198230263	蔡宜孝	98	2	8	7	4	10	9	5	6	1	3	16	18	20	15	11	19	13	12	14	17
F296347641	李志明	77	7	9	3	2	10	4	6	8	1	5	11	20	12	18	19	13	14	16	15	17
B197786422	謝喜以	60	5	1	7	10	2	9	6	3	4	8	19	17	20	16	12	15	14	18	11	13
H191416561	涂艾欣	67	5	6	4	9	8	1	2	7	10	3	14	19	15	12	13	20	16	18	17	11
F197846785	張俊吉	91	7	2	1	6	4	5	8	9	10	3	11	17	18	19	15	20	16	13	14	12
F191156166	潘俊賢	93	4	9	5	8	6	2	1	7	3	10	16	13	20	15	12	14	19	17	11	18
C198296375	朱嘉偉	95	7	6	9	8	3	5	10	4	1	2	17	19	11	16	14	12	13	18	20	15
G199109697	王淑珍	91	1	9	7	2	8	6	5	4	10	3	12	18	11	14	13	15	19	17	20	16
B293829035	劉思涵	68	8	3	6	7	4	2	5	10	1	9	15	19	11	17	13	14	16	18	20	12
D293508784	劉鴻芝	86	1	2	5	7	9	6	3	4	10	8	20	18	11	14	12	13	19	17	15	16
H293461511	賴家瑋	70	4	6	9	7	1	2	5	3	8	10	17	16	12	18	11	20	14	15	19	13
C197084362	王宜靜	61	8	10	3	2	1	5	4	7	9	6	16	20	15	11	19	17	14	18	13	12
A296228182	吳玟政	90	9	10	6	4	7	2	3	5	8	1	13	16	17	18	11	15	20	19	12	14
H297511656	吳秋音	66	1	9	8	7	4	5	6	2	10	3	17	14	16	15	11	20	19	13	18	12
G295433238	曹政哲	100	7	3	8	2	9	4	6	1	5	10	15	17	16	18	13	19	14	11	12	20
H196474223	林晏伶	94	7	8	4	9	1	3	10	2	5	6	15	13	11	12	20	14	19	17	16	18
A192240788	徐為娟	65	3	9	6	8	1	10	4	2	7	5	13	19	18	15	12	16	14	11	17	20
G298363591	郭怡和	71	5	1	4	3	7	8	2	10	9	6	11	13	15	16	20	17	19	14	12	18
E293108061	尹漢佐	98	7	5	9	8	1	2	10	3	6	4	19	17	11	12	16	15	13	18	20	14
H194040612	姚常宇	64	6	10	7	8	5	9	1	4	3	2	14	11	19	17	15	13	18	12	16	20
D193634483	鐘智傑	95	4	1	10	9	8	5	2	3	6	7	14	17	18	19	13	16	15	12	11	20
C298961164	陳嘉宏	70	8	6	9	10	2	4	7	1	3	5	11	20	19	17	12	18	14	13	16	15
D193169043	阮伶智	80	5	10	6	2	8	1	3	9	4	7	13	16	12	17	15	20	19	14	11	18
G296693167	林建純	90	9	3	5	7	6	4	8	1	2	10	18	14	13	20	17	16	12	11	15	19
A292318103	顏俊維	62	4	1	3	6	2	8	7	9	5	10	16	13	12	19	14	18	17	15	11	20
C191129095	孫湘彬	72	2	8	7	1	9	5	6	4	10	3	19	17	12	13	11	20	18	15	14	16
B292156408	盧智文	72	7	3	6	8	2	9	4	5	10	1	15	14	13	19	18	12	20	17	16	11
G196976525	周允信	78	9	8	2	5	10	7	6	1	4	3	20	19	18	12	17	15	16	14	13	11
G196033892	王欣怡	71	2	9	3	1	8	6	4	10	7	5	16	12	17	20	11	15	18	14	19	13
A294662391	鄭慧玲	83	6	2	4	3	10	9	7	5	1	8	14	11	12	13	17	20	19	16	18	15
A293426113	吳昕蕙	82	9	6	10	7	1	5	3	2	4	8	11	19	13	18	16	12	17	20	14	15
C295758576	林菁樺	74	4	5	7	2	1	9	6	8	3	10	18	11	19	16	20	13	14	15	12	17
D299176204	陳善全	80	4	7	2	8	10	1	6	9	5	3	20	19	14	18	17	16	13	15	12	11
E198920350	李胤法	79	6	7	5	4	10	8	9	3	2	1	11	20	14	18	12	13	16	19	17	15
A297540543	李嘉文	74	6	7	10	5	4	2	9	8	3	1	17	13	12	19	16	11	20	15	14	18
H199445984	賴敏琦	94	9	5	6	10	1	8	4	3	7	2	17	15	16	14	19	20	13	12	18	11
C292558994	陳銘蓁	71	2	3	4	10	8	7	9	1	5	6	20	16	17	19	11	13	15	14	12	18
C198469930	黃政元	72	3	6	9	7	4	10	2	5	8	1	13	12	16	17	11	20	15	18	19	14
D191897857	郭皓山	67	10	8	1	5	7	3	6	9	2	4	16	18	19	20	12	17	11	13	14	15
H191086438	陳耀中	95	5	1	4	6	7	8	9	3	10	2	13	19	15	18	12	14	17	16	11	20
B196507696	張雅雯	87	3	9	1	4	7	2	8	10	5	6	16	15	19	13	12	18	20	11	14	17
G195175793	裴國維	70	10	1	8	5	9	7	2	6	3	4	11	20	14	13	17	16	12	18	19	15
G298995511	蕭彥霖	76	7	1	5	3	9	6	10	8	2	4	11	13	15	20	12	18	16	19	14	17
G195822411	蔡筠祥	75	2	7	3	8	6	9	4	5	1	10	12	11	13	14	19	18	17	16	15	20
A295500345	巫育萱	100	3	7	10	9	6	2	8	4	1	5	14	12	15	20	17	11	18	19	16	13
G291211469	李堯卉	76	5	9	3	4	6	10	2	8	7	1	15	20	17	13	11	19	12	16	14	18
E191338587	張淑芬	65	7	5	2	3	9	8	6	10	4	1	13	12	11	14	19	17	15	20	16	18
D293186297	羅怡伶	69	5	8	9	1	3	4	7	10	2	6	17	19	11	14	16	20	13	15	12	18
B194747905	陳石紋	83	9	5	8	6	3	10	1	2	4	7	16	18	13	14	17	19	12	20	15	11
E194793928	陳品修	75	4	1	7	9	10	2	6	8	5	3	15	11	16	13	12	17	19	20	18	14
H191785712	許佳瑩	83	6	5	1	9	10	2	8	7	3	4	19	17	20	18	16	15	14	11	12	13
B198253824	吳姿心	71	8	10	2	3	4	1	7	5	9	6	15	14	17	19	20	16	12	11	13	18
A195569271	謝哲瑋	86	1	5	7	4	10	9	8	3	2	6	17	11	18	15	20	19	16	12	13	14
H295804050	林子聖	72	1	5	7	8	10	6	4	9	2	3	15	14	16	20	13	17	12	18	11	19
B198008365	鄧鈞凱	73	7	10	5	9	4	3	8	1	6	2	16	18	11	14	20	12	19	17	13	15
A295975584	鐘家宏	70	7	4	5	10	2	6	8	1	3	9	15	12	19	16	13	20	17	14	18	11
G191973533	陳茹嬌	96	3	7	4	10	6	9	1	8	5	2	15	18	14	11	17	13	19	20	12	16
A297294840	沈翔元	68	3	4	5	1	10	9	7	6	8	2	15	18	17	11	19	12	13	14	16	20
E294135599	鄭威廷	89	2	4	7	8	9	3	6	10	5	1	17	11	14	18	12	15	20	16	13	19
H192336035	李俊宏	93	6	1	4	5	2	7	9	10	3	8	13	16	18	19	20	17	12	11	14	15
F293623224	鄭家綺	87	10	4	6	2	9	1	3	5	7	8	11	12	19	17	14	20	15	18	16	13
C296161291	陳友木	64	5	8	1	3	2	7	4	9	6	10	18	17	20	11	15	19	14	16	12	13
B199596248	張文彬	91	3	2	10	5	8	4	7	1	9	6	12	19	20	16	13	11	14	18	17	15
H292072654	齊美岑	61	2	6	3	10	1	9	5	4	7	8	18	17	14	11	16	20	15	12	13	19
B196539830	羅威宇	82	9	8	10	2	7	4	3	6	1	5	15	11	14	18	13	20	19	16	12	17
E293445694	張名君	61	4	3	5	7	2	10	6	8	1	9	13	14	15	18	19	11	12	20	16	17
D194089768	張健忠	100	3	2	9	4	6	5	7	10	1	8	19	18	17	13	15	11	20	16	14	12
H294783043	林健豪	86	9	6	10	2	8	7	1	5	4	3	14	18	13	16	15	12	19	17	11	20
B291820954	陳曉易	100	10	1	4	5	3	6	7	8	2	9	14	12	13	19	20	18	11	15	17	16
F296371772	賈思賢	64	8	3	1	6	7	9	4	5	2	10	19	15	20	16	13	14	17	11	12	18
D294701716	徐慧君	63	3	1	7	2	5	6	4	9	10	8	13	15	19	20	17	16	18	11	12	14
E191795617	孫培芷	88	10	7	9	6	8	5	3	2	4	1	11	20	17	15	12	16	19	13	18	14
D196865373	謝依婷	97	4	6	5	1	3	2	10	8	7	9	18	11	19	15	20	13	12	14	16	17
G294222008	苗夙燦	64	9	8	2	7	10	6	5	4	3	1	11	17	12	14	13	19	15	18	20	16
B197338177	郭怡亨	85	9	1	5	7	8	6	2	4	3	10	17	19	18	11	16	14	13	15	12	20
F196424374	蕭江嬌	77	10	9	3	5	8	2	1	4	7	6	17	20	18	19	15	12	16	13	14	11
E291321342	曹淑惠	74	9	1	6	5	2	8	4	10	7	3	19	17	16	12	20	18	14	15	13	11
H195472243	汪惠雯	97	6	2	4	9	8	3	1	10	7	5	12	20	11	16	15	19	17	18	13	14
E298326578	林淑慈	98	5	4	6	7	2	8	3	9	1	10	16	20	15	14	13	12	17	11	18	19
B292148531	駱禎生	68	9	3	4	7	2	1	8	6	10	5	16	18	12	13	15	11	19	20	14	17
A294866175	林瑋依	91	3	9	6	1	2	8	10	4	7	5	11	12	16	20	13	17	15	19	18	14
H193523201	林修雲	61	6	5	4	3	1	7	9	2	10	8	15	19	13	16	18	20	14	11	17	12
A194470239	王永天	95	5	8	2	1	6	7	10	9	3	4	16	13	17	11	20	19	14	15	12	18
E195159199	方吟嬌	86	5	9	10	7	6	1	3	8	2	4	13	15	17	16	12	20	14	18	11	19
H197765278	戎惠玲	76	6	9	10	2	7	4	5	3	8	1	15	16	11	14	19	18	13	17	12	20
D193745392	竺恭法	80	3	4	6	5	2	8	10	1	9	7	17	15	11	12	20	18	19	14	16	13
C191777644	黃明憲	75	4	2	5	8	7	9	6	1	10	3	13	20	16	15	12	14	11	19	18	17
E197701600	吳孟利	60	4	2	3	9	1	8	10	6	5	7	16	20	18	13	17	15	11	14	19	12
C291787802	黃志明	85	4	3	1	9	8	7	10	2	6	5	19	12	13	17	15	20	14	16	18	11
G292790058	梁雪蓉	90	2	3	4	9	5	10	6	7	1	8	20	16	17	14	15	19	12	11	18	13
C294788310	黃冠宇	96	7	10	3	6	2	1	5	8	4	9	15	16	14	11	13	12	18	17	19	20
E295014811	張雅香	94	9	2	8	1	3	4	10	5	6	7	15	13	17	16	14	18	12	19	20	11
C299323364	張維凡	82	9	10	5	1	2	7	4	8	3	6	11	16	12	20	13	18	17	15	19	14
G295914701	郭樂善	84	5	4	9	6	1	10	8	2	3	7	14	13	19	11	18	17	16	20	12	15
C297687472	吳孟一	79	5	4	8	7	10	2	1	6	3	9	18	12	15	17	11	20	14	16	19	13
C299617978	胡筱婷	69	3	8	5	6	7	10	9	4	2	1	19	18	16	15	20	14	17	13	12	11
E193295147	高佳儀	92	10	5	3	4	1	9	7	2	8	6	12	16	18	13	11	17	20	15	14	19
B299922580	隆柏翰	60	10	4	3	9	8	7	1	5	2	6	16	15	12	11	19	17	13	18	14	20
C299540810	謝元淳	63	2	4	10	5	9	3	1	6	7	8	15	12	13	20	19	17	11	18	14	16
A292484737	廖珮如	95	4	8	3	2	1	9	5	10	6	7	20	19	16	18	13	15	12	11	14	17
E292570250	郭欣瑜	85	8	1	9	5	4	7	3	2	6	10	13	11	16	19	14	17	18	15	20	12
F297850807	黃建宏	68	16	15	11	18	13	20	12	14	19	17	2	4	1	10	5	9	3	7	6	8
B196799523	陳佩珊	86	19	17	13	15	12	16	11	14	18	20	2	8	4	10	5	1	9	3	6	7
H194639002	張凱岑	100	16	15	12	13	14	18	11	17	20	19	7	4	2	10	8	5	6	3	9	1
D199882367	黃正娥	65	20	14	11	12	15	13	17	19	18	16	8	3	5	9	4	6	1	7	10	2
G292070720	何少娥	83	16	17	11	20	13	15	12	18	14	19	5	3	2	8	10	7	1	6	4	9
A297974816	余武姍	96	20	11	13	18	12	15	17	14	16	19	2	8	5	7	3	1	9	4	6	10
B292491199	吳怡婷	99	19	20	17	11	18	16	13	15	14	12	6	9	2	1	10	8	3	4	7	5
E291937475	劉建屏	62	18	19	20	11	13	14	12	15	17	16	7	8	3	6	9	4	2	10	5	1
A291997539	林彥翔	67	15	20	16	11	19	18	14	17	12	13	7	1	6	3	9	4	8	10	2	5
G292702067	曹玉玲	84	20	19	11	16	15	18	12	13	17	14	7	2	5	1	4	9	8	10	3	6
E191046511	詹祥睿	98	11	14	18	16	19	17	13	15	12	20	5	10	8	9	1	2	3	4	7	6
E296175368	王文豪	80	14	13	11	19	16	12	18	17	15	20	6	10	4	9	3	8	7	5	2	1
D296561087	林承書	60	16	18	19	13	14	11	12	20	15	17	5	10	9	4	2	8	1	7	3	6
B199174448	楊曉薇	90	19	11	13	15	14	16	12	17	20	18	10	1	6	3	9	7	5	2	8	4
C299366154	謝麗治	73	16	13	14	15	17	12	11	18	20	19	2	10	5	6	7	8	3	9	4	1
G294115820	陳峻豪	91	11	17	16	18	19	15	20	13	12	14	9	10	4	6	5	7	2	8	1	3
A191298557	李世昌	87	15	19	16	17	11	18	20	14	13	12	2	6	4	9	8	7	3	10	1	5
D295910933	蔡俊穎	76	13	11	12	17	15	16	14	18	20	19	7	5	3	8	9	6	2	1	10	4
C197427625	張玉福	80	14	20	15	12	11	16	19	18	17	13	3	7	1	5	4	9	10	8	2	6
G195278753	陳石娥	74	16	20	12	14	19	13	18	11	15	17	1	4	8	3	2	7	10	6	5	9
E198963604	羅博海	64	13	20	15	17	12	18	16	14	11	19	4	9	6	10	1	8	2	3	7	5
B196842485	蔡佩宣	88	17	12	20	14	13	11	15	18	16	19	6	10	7	2	8	1	5	9	4	3
D292482978	張茹亞	85	20	15	19	12	16	14	18	13	11	17	9	10	3	1	6	5	2	7	8	4
H192259999	黃常蓮	99	18	20	13	14	17	15	12	19	11	16	4	3	6	7	1	5	2	10	8	9
B291346659	郭政儒	65	16	13	20	15	14	17	19	18	12	11	8	5	2	9	6	10	1	3	4	7
C299799368	胡仰軍	99	13	19	18	11	16	14	15	17	12	20	5	4	7	1	8	6	10	2	3	9
G296589453	蔡俊賢	79	16	12	18	17	19	13	15	20	14	11	2	10	4	5	6	9	1	3	8	7
B297746948	金京城	66	12	16	15	13	20	17	14	18	11	19	5	10	7	3	1	8	9	4	2	6
G295853614	李陽珍	89	12	19	11	13	15	16	14	17	20	18	1	10	4	9	7	3	2	5	6	8
G198780152	郭淑君	89	15	12	18	13	20	11	19	17	16	14	6	10	3	1	9	5	2	4	8	7
H196124648	柯芃珊	89	14	15	16	11	12	20	19	18	17	13	7	9	1	6	10	4	5	8	2	3
E192486028	李韋燕	94	12	17	14	18	19	20	11	13	16	15	10	5	3	7	6	2	1	9	8	4
E197978316	林于成	98	12	18	11	13	15	16	20	17	19	14	3	8	4	1	7	2	10	6	9	5
F299872534	劉淑其	75	16	12	18	15	20	13	11	14	19	17	3	2	8	5	7	10	1	9	4	6
G296382972	陳子揚	61	14	16	11	17	20	12	19	13	15	18	4	9	3	2	5	7	6	10	8	1
G191903344	黃彥惟	91	13	18	19	12	15	14	16	17	20	11	9	7	8	2	6	10	1	3	4	5
E192379546	劉靜怡	84	17	16	20	13	14	11	19	18	15	12	9	10	2	8	1	7	5	6	3	4
E295544770	張佳伶	97	19	18	14	16	12	11	15	13	20	17	5	4	8	9	1	6	10	7	2	3
A197352845	吳祖城	79	15	12	18	13	11	14	20	19	17	16	6	7	3	1	9	2	8	4	5	10
F294849277	範富航	60	15	13	12	18	16	19	14	20	11	17	7	1	3	9	4	10	5	2	6	8
E292721739	黃玉婷	81	14	19	20	11	15	17	12	18	16	13	2	3	7	6	4	10	9	5	8	1
G196250651	蔡姿君	92	14	18	19	17	16	13	15	12	11	20	6	1	2	8	5	9	10	3	4	7
G292366589	張禎瑋	78	12	14	11	13	18	15	17	20	19	16	2	6	7	10	4	3	5	1	8	9
D192700513	連文傑	81	15	11	12	19	18	17	14	13	20	16	3	1	6	9	4	2	5	8	7	10
F295471086	蔡欣希	100	13	14	17	11	19	20	18	15	12	16	8	2	7	4	6	1	9	5	10	3
H199378068	林恒意	67	17	14	16	11	20	12	18	19	15	13	9	2	1	7	8	6	3	4	5	10
E197645769	蔡宛儒	66	19	20	17	16	14	11	12	15	18	13	1	2	10	9	7	6	8	5	4	3
C293811178	陳虹修	70	18	13	17	19	20	11	15	12	16	14	7	3	9	6	10	2	4	5	1	8
A299362396	周漢蓁	60	19	14	15	11	17	13	20	12	16	18	9	1	10	4	6	3	2	7	8	5
D196310711	杜家維	67	11	19	18	17	16	12	15	20	14	13	6	2	5	7	4	10	1	8	9	3
C294829138	許子翔	86	14	11	18	20	13	12	16	19	15	17	10	1	4	5	2	3	9	7	6	8
G295291169	魏凱文	84	20	15	18	16	13	14	17	12	19	11	5	9	8	6	10	2	4	1	7	3
G192416788	仇松洋	65	15	17	12	14	18	19	11	20	16	13	8	3	4	6	7	10	1	5	2	9
G194415850	王俊成	87	15	19	13	14	18	20	12	17	11	16	10	7	8	6	3	2	4	1	5	9
C299401934	童陽邦	93	20	15	13	14	12	19	16	11	17	18	10	6	4	1	8	2	3	9	5	7
C292474466	程涵芸	94	20	14	13	11	12	18	15	17	16	19	10	5	7	3	1	4	9	2	8	6
E195758978	劉育富	88	12	11	19	18	16	20	14	13	17	15	7	2	1	5	10	4	8	9	3	6
A293068031	鄭穎臻	75	14	16	19	13	18	17	11	12	15	20	10	6	3	8	4	2	7	9	5	1
E297133373	張法孜	100	15	12	20	19	18	17	13	11	14	16	10	7	4	3	9	2	1	6	8	5
C292703177	余哲新	96	12	19	20	13	15	18	11	16	14	17	5	9	1	4	2	10	7	6	8	3
B296081546	賴其文	62	13	11	12	15	19	20	18	14	16	17	4	3	2	6	10	8	7	5	9	1
F193168691	林芳妤	84	11	19	17	20	12	15	13	14	16	18	8	4	2	6	10	5	7	3	9	1
G195967675	林佳珮	72	11	13	17	16	18	15	14	12	20	19	1	6	10	5	7	9	3	8	2	4
E195394027	周淑媛	64	19	18	15	11	12	17	20	14	16	13	1	7	6	5	4	10	3	8	9	2
C195796636	周振豪	75	13	17	15	11	14	16	19	12	20	18	5	6	2	9	4	8	1	3	7	10
F194648670	潘宇軒	76	13	14	12	17	16	20	18	19	11	15	8	10	1	3	5	9	6	2	4	7
A191251394	涂惠玲	79	13	12	19	16	14	15	17	20	11	18	3	10	1	9	2	5	6	8	4	7
H191234201	楊志宏	61	11	17	14	12	18	20	15	19	16	13	1	9	4	7	10	3	2	8	5	6
E196239810	邱憲蘋	72	19	17	16	11	14	15	12	13	18	20	3	9	2	6	10	1	7	5	4	8
H193870296	郭淑芳	79	19	11	17	18	15	16	14	20	13	12	1	9	4	6	5	2	7	10	3	8
E299415001	翁喜順	61	20	16	18	17	19	11	13	12	14	15	1	4	8	7	6	2	10	3	5	9
F198212934	黃婷寶	69	18	11	17	13	15	12	20	19	16	14	1	9	5	6	10	3	4	7	2	8
D292427093	陳虹吟	92	14	17	18	19	11	16	20	12	13	15	4	6	9	7	8	10	1	5	3	2
D297634294	李冠廷	68	19	18	14	20	17	15	13	16	12	11	3	2	9	8	7	10	4	6	5	1
F195451439	蔡敏綺	64	16	15	11	12	19	14	13	20	17	18	2	10	6	4	7	8	5	3	1	9
F292425019	黃辰堅	70	11	19	12	13	17	14	20	16	15	18	7	8	3	6	4	2	5	10	9	1
H299617473	胡偉銘	80	19	13	12	18	20	15	16	17	11	14	8	2	3	1	4	5	6	10	7	9
B292737270	樂凡琴	63	13	16	17	12	20	18	14	11	19	15	6	10	9	5	7	4	1	3	2	8
G292312143	高政宏	66	12	15	11	16	17	19	18	13	20	14	10	2	9	8	4	1	7	5	6	3
F192669733	黃又潔	90	14	11	15	16	19	20	18	17	13	12	9	8	5	7	2	4	3	1	6	10
B295823013	林國劭	99	15	16	19	14	11	18	12	17	20	13	9	7	4	10	6	2	3	1	8	5
E299887061	張其海	91	14	16	19	13	11	20	12	18	15	17	9	2	3	10	4	5	8	1	6	7
C293579193	沈牧星	76	11	16	20	17	19	14	18	12	13	15	7	6	9	10	2	4	5	1	3	8
A294617967	丁美珍	93	14	12	16	19	20	18	15	17	13	11	2	3	6	7	10	5	1	4	9	8
B193424467	姜俊毅	94	11	16	19	20	17	18	15	13	14	12	10	3	6	5	2	1	8	7	9	4
A195681978	劉育均	86	16	17	19	15	18	14	13	20	12	11	1	6	3	2	8	7	4	9	5	10
E194182872	吳秋輝	99	12	16	17	15	13	20	11	18	14	19	1	6	2	4	5	3	10	7	9	8
G291625981	馮思潔	95	15	12	20	19	13	16	18	11	17	14	7	8	6	1	2	3	4	10	5	9
F196579543	邱禹來	77	19	17	13	14	20	12	18	16	15	11	3	6	10	8	4	5	9	7	1	2
B292331303	林雅忠	89	19	16	18	13	14	20	15	12	11	17	8	1	9	7	5	4	3	2	6	10
E198808555	蔣紀正	73	18	16	15	11	20	12	14	13	17	19	6	4	3	7	9	2	1	10	5	8
G193458539	謝易茂	95	11	15	13	18	16	20	19	12	17	14	10	2	7	8	5	6	9	3	4	1
C296300494	陳信欣	67	18	14	15	19	11	13	12	16	17	20	9	2	3	6	7	8	5	4	1	10
H292925767	鄭晉強	67	11	19	20	12	17	13	14	16	18	15	10	5	1	8	6	2	3	7	4	9
E294269438	阮瑋倫	99	16	11	15	14	12	13	17	18	20	19	4	5	9	6	8	1	3	7	10	2
E197663365	李憲劭	99	17	18	14	15	13	12	20	16	19	11	1	2	3	10	5	7	9	4	6	8
B192699022	柯沛剛	63	20	19	11	12	14	15	13	18	17	16	4	2	6	5	10	3	1	7	8	9
E196357804	鄧淑志	86	11	20	16	19	12	17	14	15	13	18	5	7	3	6	4	8	1	10	9	2
C191640884	陳雅雯	95	17	18	13	19	14	12	16	15	20	11	2	7	3	6	8	5	10	1	9	4
G297932887	王玉卿	87	12	11	14	17	13	20	15	18	16	19	10	8	9	7	6	4	3	5	2	1
H293565345	李思昇	63	3	4	5	2	1	9	6	7	8	10	16	18	19	20	17	14	13	12	15	11
H198921869	黃哲綺	76	2	4	5	3	1	6	9	7	10	8	18	19	16	17	20	13	12	15	11	14
H194821804	賴宜君	62	5	3	4	1	2	8	10	7	6	9	16	19	18	20	17	15	13	11	14	12
E196916527	張麗卿	65	1	5	4	2	3	6	10	7	8	9	19	20	16	18	17	13	12	11	14	15
D196424989	李希夫	63	1	3	4	5	2	8	10	6	7	9	18	20	16	17	19	12	14	13	11	15
G298950496	宣亞富	60	4	1	2	5	3	10	7	9	8	6	16	18	20	19	17	13	12	15	14	11
A191475796	林曉桂	89	1	3	4	5	2	9	6	7	10	8	18	16	19	17	20	14	13	12	15	11
B296108695	黃麗定	64	5	1	2	3	4	7	6	8	10	9	18	19	17	20	16	15	12	13	14	11
H294097926	陳婉婷	83	1	3	5	4	2	10	8	7	9	6	19	16	18	20	17	13	11	12	14	15
D199067593	許群甫	86	5	4	3	2	1	7	10	6	9	8	20	18	16	17	19	15	14	12	13	11
C195799146	王雅琳	79	5	1	3	2	4	9	6	10	7	8	16	20	17	18	19	13	14	12	11	15
A298000931	白美玲	75	1	3	5	4	2	9	8	6	10	7	17	16	18	20	19	11	15	14	13	12
D193126315	林人水	87	3	2	1	5	4	9	10	8	7	6	18	20	19	17	16	11	13	12	15	14
F291594300	吳明羽	72	4	3	5	1	2	8	6	9	10	7	19	18	17	16	20	15	12	11	13	14
C198589857	許孟哲	89	4	2	3	1	5	10	9	7	6	8	17	19	18	20	16	13	14	11	12	15
C191954561	陳虹平	100	5	4	2	1	3	7	9	6	8	10	16	19	18	20	17	12	15	11	14	13
C294858764	黃胤梅	100	3	1	5	4	2	6	7	9	8	10	20	17	16	18	19	11	13	12	14	15
F193852830	宋合丹	82	4	3	2	5	1	9	6	7	10	8	16	19	20	18	17	11	14	13	15	12
A192268606	劉偉智	68	3	1	4	2	5	9	10	7	8	6	20	16	19	18	17	12	11	13	14	15
A294265696	陳筱政	72	2	3	1	4	5	10	7	9	8	6	17	16	18	19	20	15	13	12	14	11
A295994294	劉竹娟	75	4	1	5	3	2	8	10	9	7	6	16	19	18	17	20	11	14	15	12	13
B299169010	曹佩珊	90	3	5	2	1	4	10	8	6	7	9	18	16	17	19	20	12	11	14	15	13
G293961800	金珊木	100	4	2	5	1	3	8	6	7	9	10	19	16	20	18	17	12	15	14	13	11
A298081141	陳彥新	71	1	2	4	3	5	6	10	7	9	8	18	16	17	19	20	14	12	11	13	15
E295391082	張行	74	3	1	4	2	5	8	10	7	6	9	19	20	16	17	18	15	14	12	11	13
G191108456	黃淑吉	78	3	4	2	5	1	10	8	9	6	7	16	19	17	18	20	15	13	11	12	14
H198892612	鄭容依	67	2	3	1	4	5	9	10	8	7	6	20	17	19	16	18	12	14	15	11	13
A194333795	梁彥伶	71	1	4	5	2	3	9	8	6	7	10	20	18	19	17	16	14	15	12	13	11
E197754530	張庭仁	60	3	4	2	1	5	10	8	6	9	7	19	20	16	18	17	13	11	14	12	15
D296159185	張婕妤	88	1	4	3	2	5	9	7	8	6	10	18	19	20	16	17	15	13	11	12	14
F196597621	黃珮以	97	3	4	5	2	1	6	8	9	10	7	16	20	19	18	17	14	13	15	11	12
H297046243	翟依潔	71	5	3	4	1	2	6	10	7	9	8	18	20	16	17	19	13	12	15	14	11
H197093731	吳友寧	96	4	1	5	2	3	9	8	10	7	6	20	17	19	18	16	11	15	12	14	13
C291639249	陳俊緯	63	1	2	4	5	3	7	6	10	9	8	20	18	19	17	16	15	12	11	13	14
E292300534	楊湖彬	99	1	2	4	3	5	6	9	10	7	8	18	20	16	17	19	11	12	13	15	14
A198648037	李秀娟	93	3	2	4	5	1	6	8	7	9	10	18	19	20	17	16	11	12	14	15	13
C194171608	蔡乃淳	90	2	4	3	1	5	6	10	7	9	8	17	18	16	20	19	11	12	15	13	14
B292327390	陳書瑋	60	2	5	1	4	3	8	7	9	6	10	16	20	17	18	19	14	11	12	13	15
D295843553	郭家瑋	80	5	4	3	2	1	7	6	8	10	9	20	16	17	19	18	13	14	11	12	15
H194011755	張姵薇	83	5	2	4	1	3	9	7	8	10	6	16	20	19	18	17	15	14	12	11	13
E291600286	李玄迪	92	4	3	2	5	1	8	9	10	7	6	16	18	17	19	20	13	15	12	14	11
G294152912	魏苡雲	61	5	3	2	4	1	10	7	6	9	8	19	17	20	16	18	15	14	12	11	13
H191511221	李璇玉	60	1	2	3	5	4	6	9	7	8	10	17	18	16	20	19	12	13	11	14	15
D292121505	李竹明	83	4	2	1	3	5	7	6	9	8	10	16	18	17	20	19	11	12	13	14	15
G292982672	李佩恩	84	2	4	5	3	1	8	7	10	6	9	16	17	19	20	18	13	14	15	12	11
H192196264	賴雅文	85	1	3	2	5	4	7	8	9	6	10	19	20	16	17	18	13	11	12	15	14
C298168234	林竣傑	66	1	3	4	5	2	8	7	10	9	6	19	16	18	17	20	14	11	13	15	12
D291858192	陳文桂	69	3	4	1	2	5	6	9	7	8	10	18	17	19	16	20	11	15	14	12	13
E299875258	張惠生	88	1	3	5	4	2	10	9	6	8	7	17	16	19	20	18	12	13	11	14	15
H192980659	吳凱翔	85	4	1	3	5	2	10	8	9	7	6	19	16	20	17	18	12	11	13	15	14
F199539498	黃柏鈞	62	5	2	3	1	4	10	8	7	6	9	19	20	16	17	18	12	11	15	14	13
E194563340	韓伶珍	88	1	3	5	2	4	10	6	9	7	8	17	19	18	20	16	14	12	11	13	15
D196400523	馮明哲	94	1	2	5	4	3	10	8	7	6	9	17	18	20	16	19	14	15	12	11	13
F195848521	洪永季	78	1	5	4	3	2	8	9	10	7	6	18	19	17	20	16	12	11	13	15	14
A298657216	梁偉成	74	5	4	2	3	1	8	6	9	10	7	19	20	17	16	18	13	11	14	15	12
B291576700	賴佳蓉	81	4	1	5	2	3	9	10	6	7	8	17	18	19	20	16	11	12	14	15	13
D292541061	林承恩	79	1	4	2	5	3	8	9	6	10	7	20	18	17	19	16	11	14	12	13	15
C194313884	林于雲	92	2	4	3	5	1	10	7	8	6	9	18	20	16	17	19	15	11	13	12	14
H195736617	吳秀玲	82	1	3	5	2	4	9	6	7	8	10	16	19	17	18	20	14	13	15	11	12
E195903099	林威來	96	4	2	3	1	5	7	6	9	10	8	18	16	19	20	17	11	12	13	15	14
A299850775	陳曉玟	93	2	4	5	1	3	10	6	8	9	7	19	18	20	16	17	15	11	13	14	12
E193263298	陳立順	81	3	5	4	2	1	8	10	9	6	7	16	18	19	17	20	13	12	14	11	15
A196197644	張雅晴	64	5	4	2	3	1	10	8	7	9	6	19	20	17	18	16	15	14	12	11	13
H195060761	崔岱花	97	4	2	5	1	3	9	7	8	6	10	19	20	16	18	17	11	12	14	15	13
C193544125	翁偉哲	85	2	3	4	5	1	9	7	8	10	6	18	17	16	20	19	11	14	15	12	13
G199605872	唐秉亮	91	5	1	3	2	4	9	6	8	7	10	17	19	20	18	16	14	15	13	12	11
B196859006	王又玄	79	4	3	1	5	2	9	10	8	7	6	16	20	17	18	19	15	14	11	12	13
D295152888	連惠敏	75	5	3	4	1	2	7	10	8	6	9	17	18	20	19	16	13	12	14	11	15
E299441529	方財茂	61	1	5	4	3	2	10	6	9	7	8	20	16	17	19	18	15	14	13	12	11
H198277080	馮雅玲	61	1	3	4	2	5	8	7	9	6	10	20	19	18	16	17	11	13	15	14	12
G294757855	周哲瑋	61	3	4	1	2	5	6	10	9	7	8	16	19	17	20	18	14	13	11	12	15
B296781381	沈浩玟	88	2	1	4	5	3	9	10	7	6	8	20	16	17	18	19	11	14	13	15	12
F194801462	李孟勇	72	2	3	4	5	1	8	10	9	6	7	18	16	20	17	19	13	15	14	12	11
G197256059	李建興	67	1	3	2	5	4	9	7	8	10	6	17	20	19	18	16	14	12	15	11	13
D198526708	張博盈	69	3	2	4	1	5	6	10	8	7	9	16	19	18	20	17	15	11	13	14	12
D198847604	朱艾江	87	2	1	5	4	3	10	6	7	9	8	20	18	16	17	19	13	15	11	14	12
B194923101	王雯豪	92	4	3	2	5	1	7	10	8	6	9	16	20	19	18	17	14	12	11	15	13
B198574604	鄭珈順	70	5	3	4	1	2	9	6	8	7	10	20	16	17	19	18	13	15	14	11	12
A299287549	孫盈來	77	1	5	4	3	2	9	10	6	8	7	17	18	20	16	19	11	14	12	13	15
F292534826	竺欣怡	95	1	4	5	3	2	9	8	10	7	6	18	17	20	19	16	13	14	12	11	15
G191284184	楊佑霖	74	5	3	2	1	4	7	8	9	10	6	18	20	16	19	17	14	12	15	11	13
B195874027	林雅玲	100	3	1	5	4	2	9	10	8	7	6	19	18	17	16	20	15	12	13	11	14
A295565864	陳佩紹	66	1	2	4	5	3	9	10	8	7	6	18	20	19	17	16	12	13	15	11	14
B297613319	林靜新	75	2	1	4	3	5	7	9	8	10	6	20	17	16	18	19	14	11	13	12	15
F195617731	吉怡靜	92	2	3	1	4	5	6	10	8	7	9	16	18	17	19	20	15	13	12	11	14
H199309330	陳昱雯	85	1	4	5	2	3	9	8	6	10	7	17	19	18	16	20	15	11	14	12	13
D297702500	陳盈迪	63	1	3	2	5	4	9	8	7	6	10	18	17	16	19	20	15	12	11	13	14
E291177808	王玄毓	75	1	2	5	4	3	10	7	6	8	9	20	18	17	19	16	15	11	12	14	13
A192804264	黃佳慧	65	5	3	1	2	4	7	6	8	9	10	19	20	17	18	16	12	14	13	11	15
H191461191	林介劭	84	1	3	5	2	4	6	9	7	10	8	16	18	20	17	19	13	12	15	14	11
H294802052	陳玉梅	98	4	3	2	1	5	9	6	8	7	10	18	17	20	16	19	14	12	13	11	15
B291479046	金元紹	82	3	1	4	5	2	9	8	10	7	6	18	17	16	19	20	13	12	15	11	14
A291125800	耿佳怡	86	5	3	1	2	4	9	6	8	10	7	18	16	17	20	19	12	11	14	15	13
E193442119	陳昭昀	80	4	5	2	1	3	7	6	10	8	9	20	16	17	19	18	15	11	12	14	13
F299983587	朱政憲	89	1	2	3	5	4	7	10	9	8	6	19	16	17	20	18	13	12	11	15	14
B197181865	陳俊緯	89	4	3	1	5	2	6	8	10	7	9	17	19	18	16	20	15	11	12	13	14
D298000309	陳思姍	68	5	4	3	2	1	6	8	7	10	9	18	16	17	20	19	12	13	11	15	14
H299488025	賴武玄	88	3	1	4	2	5	7	10	8	9	6	20	17	18	19	16	14	11	12	15	13
H298207875	李威夫	86	2	1	5	3	4	6	9	8	7	10	18	16	20	19	17	12	15	13	11	14
F192306017	簡雅萍	92	3	2	4	5	1	10	6	7	9	8	20	19	17	18	16	12	15	14	11	13
C196620462	潘柏豪	89	10	6	9	8	7	1	4	5	2	3	20	19	16	18	17	15	11	12	13	14
E194860719	陳雅芳	64	6	7	10	9	8	5	3	1	4	2	20	19	18	17	16	11	12	14	15	13
F297876865	梁玉玲	75	6	7	8	9	10	4	3	1	5	2	18	16	20	17	19	13	15	14	11	12
F294159625	劉舒涵	73	7	9	10	6	8	1	3	2	4	5	20	17	19	18	16	15	14	12	13	11
F293201237	洪容姍	100	7	9	8	6	10	4	2	3	5	1	18	16	17	19	20	11	12	15	14	13
A195212357	黃淑季	79	7	10	8	6	9	2	5	3	1	4	16	19	20	17	18	15	12	11	13	14
C291624211	李常麟	63	10	7	9	6	8	4	1	5	2	3	16	20	17	19	18	13	11	14	12	15
D197193170	蔡雅慧	68	8	7	9	10	6	2	5	3	1	4	18	17	19	20	16	12	13	11	14	15
A294591735	時建宇	69	9	10	7	6	8	4	2	3	5	1	16	20	19	17	18	11	15	13	14	12
G195654379	傅志偉	81	10	6	8	7	9	3	2	4	1	5	16	17	19	20	18	12	11	14	13	15
C294356194	謝婷婷	98	10	8	7	9	6	4	2	3	1	5	17	19	18	20	16	14	11	15	12	13
A293167860	趙妍香	72	10	7	6	9	8	5	4	1	2	3	18	17	19	20	16	12	15	11	13	14
F295121698	蔡隆強	77	10	6	9	7	8	1	4	2	5	3	17	18	16	20	19	11	12	13	15	14
B194657040	林君俐	93	7	10	6	9	8	2	4	3	5	1	16	17	20	19	18	15	11	14	13	12
H193979034	屈家瑩	85	8	7	6	10	9	5	3	1	2	4	18	19	16	17	20	11	14	13	12	15
F293705650	陳威士	75	10	9	6	7	8	4	5	2	3	1	18	16	19	17	20	14	13	15	12	11
A297122376	劉聿雄	64	9	10	7	8	6	2	5	3	1	4	18	19	17	20	16	15	12	14	11	13
H291605266	陳念瑄	67	8	9	7	10	6	2	4	5	1	3	19	16	17	20	18	15	14	12	13	11
E299309482	鄭芸喬	70	8	7	10	6	9	1	5	4	2	3	18	16	17	20	19	12	13	14	11	15
B194130393	許家俐	83	6	8	10	9	7	1	3	4	5	2	16	20	18	19	17	14	15	13	11	12
E197367117	洪政達	85	9	7	10	8	6	2	1	4	5	3	18	17	20	19	16	15	11	12	14	13
D292405293	黃淳蘋	100	9	7	8	10	6	5	3	1	4	2	17	19	18	20	16	12	14	13	15	11
F294011764	趙光鴻	73	6	9	10	7	8	5	3	1	2	4	16	19	17	18	20	14	12	13	11	15
C196005812	郭俊彥	64	8	6	10	7	9	2	4	3	5	1	18	20	17	16	19	11	12	13	14	15
A193878026	林誠鴻	88	10	6	8	7	9	5	2	1	3	4	16	20	17	18	19	14	12	13	11	15
C293433236	曹雅慧	68	6	10	9	8	7	3	4	2	1	5	20	18	17	19	16	14	15	12	11	13
F197686332	藍怡婷	63	6	9	10	8	7	3	2	4	5	1	20	19	18	17	16	15	11	12	13	14
H297871942	韓奎羽	84	9	6	7	8	10	3	5	4	1	2	19	18	16	20	17	12	14	11	13	15
G191876182	黎韋奇	69	6	8	10	9	7	3	1	4	2	5	16	19	18	20	17	14	11	15	12	13
B196403433	黃麗娟	75	7	8	9	10	6	4	3	5	1	2	20	16	18	19	17	14	12	11	15	13
A298944867	黃財冰	72	9	10	7	6	8	1	5	2	3	4	19	17	16	18	20	11	14	13	12	15
B194531498	湯偉智	88	6	8	9	10	7	3	2	4	1	5	19	16	18	17	20	13	11	14	12	15
F293520166	朱雅萍	80	6	9	8	7	10	2	4	1	3	5	17	20	16	18	19	15	12	11	14	13
C294509042	王志瑋	72	6	7	9	8	10	5	3	2	4	1	19	20	17	18	16	14	11	15	12	13
B292274027	賴妙珍	88	8	9	7	6	10	1	3	2	5	4	18	19	16	17	20	15	12	11	13	14
B192303585	陸詠松	77	7	8	6	9	10	2	1	5	4	3	18	16	17	19	20	11	15	13	12	14
E199240075	林淑惠	61	8	10	6	9	7	2	4	3	1	5	19	18	20	17	16	11	12	13	15	14
E295913800	黃靖琴	87	7	9	8	6	10	2	4	5	1	3	20	16	19	18	17	15	12	13	11	14
A197686533	洪嘉欣	71	6	9	7	10	8	3	5	1	2	4	17	20	18	19	16	15	11	14	12	13
F299955556	黃雅惠	99	8	9	6	7	10	2	3	4	5	1	20	17	18	16	19	12	11	15	14	13
H295650936	宋光輝	67	6	9	10	7	8	4	2	5	3	1	17	19	16	20	18	13	15	14	11	12
H198639991	陳思治	81	6	9	8	10	7	4	2	3	5	1	18	20	17	16	19	15	12	13	14	11
F191071686	曹亦勇	95	7	8	9	10	6	5	4	3	2	1	16	19	17	18	20	12	14	15	13	11
D298621282	陳瑋倫	64	7	8	6	9	10	2	3	1	4	5	18	19	20	16	17	13	11	12	15	14
H296304755	張哲瑋	96	7	6	10	9	8	5	2	1	3	4	16	19	17	18	20	11	15	13	14	12
D191452787	林雲谷	94	10	6	7	8	9	4	5	1	3	2	16	17	20	18	19	12	15	11	13	14
F291083562	陳雅慧	69	9	8	7	10	6	4	3	1	5	2	20	17	18	19	16	14	13	11	12	15
F192577187	黃姿芳	61	10	7	6	9	8	2	3	4	5	1	16	20	19	17	18	14	15	11	12	13
G297356252	李裕翔	100	10	8	6	9	7	4	1	2	3	5	20	18	16	19	17	14	15	11	13	12
A299200284	陳柔鴻	96	9	10	7	8	6	4	1	3	2	5	17	20	19	16	18	11	12	14	13	15
E298212828	蘇淑芬	68	6	10	8	7	9	3	1	5	4	2	17	16	19	20	18	12	15	14	13	11
C295828644	張嘉恭	69	7	8	10	9	6	3	1	2	5	4	20	19	18	17	16	15	14	11	13	12
A299220302	趙詩婷	78	8	6	7	10	9	5	2	4	1	3	19	16	18	17	20	13	11	14	15	12
D193078707	溫雅文	94	8	6	7	10	9	3	4	1	2	5	18	19	20	17	16	13	15	11	12	14
C296076064	林美豪	62	6	10	8	7	9	4	2	1	5	3	18	16	17	20	19	13	12	14	11	15
D198505423	張鈞玫	86	7	9	10	8	6	3	2	1	4	5	16	17	19	18	20	14	13	11	12	15
E194266220	李婉珊	71	6	7	9	10	8	3	5	4	1	2	18	16	17	20	19	11	12	14	15	13
F293967007	陳治夫	61	10	6	8	9	7	5	1	2	3	4	17	20	18	19	16	12	15	13	14	11
E199631414	江怡潔	93	6	8	7	9	10	3	1	5	2	4	19	17	18	20	16	14	15	11	12	13
F197427011	孫淑芬	75	10	8	9	7	6	5	3	2	1	4	16	19	17	20	18	11	13	12	14	15
H193018349	蘇秋萍	83	9	6	10	7	8	1	2	4	3	5	19	20	16	17	18	11	15	14	13	12
A299629930	林雯璇	85	6	8	9	10	7	4	5	2	1	3	20	18	16	19	17	11	14	13	12	15
F295603579	趙山義	84	8	6	9	10	7	3	1	5	2	4	18	19	20	16	17	12	11	15	13	14
D291009091	楊雅傑	96	7	9	8	6	10	2	4	3	1	5	17	20	18	16	19	14	11	12	15	13
C298991359	陳怡婷	83	10	8	9	7	6	4	3	5	1	2	20	17	16	18	19	11	14	13	12	15
C291888975	朱淑芬	72	8	10	6	9	7	5	4	3	2	1	16	17	19	18	20	14	15	13	12	11
C299488833	陳惠漢	87	8	9	7	6	10	5	2	3	1	4	19	18	20	17	16	12	15	14	11	13
A199125784	林美平	85	8	9	7	10	6	2	3	1	5	4	16	18	17	20	19	12	14	11	15	13
A293672615	丁軍萍	66	9	7	6	8	10	2	5	1	3	4	19	20	16	17	18	13	11	15	14	12
F196095926	王志明	86	6	9	7	10	8	4	5	3	2	1	17	19	18	16	20	13	14	11	15	12
A299740096	顏云	88	6	8	9	10	7	5	2	1	4	3	18	20	17	16	19	15	12	11	14	13
D295931594	楊智軒	86	7	10	8	9	6	5	3	2	4	1	18	20	19	17	16	11	13	15	14	12
H298634738	張佩君	97	8	6	10	7	9	5	3	2	4	1	20	18	19	16	17	12	15	13	14	11
G197494997	魏淑玲	95	10	9	8	7	6	4	2	3	5	1	18	19	16	17	20	14	13	15	11	12
E291434586	趙倩茜	71	7	6	9	8	10	1	3	2	4	5	19	17	20	16	18	13	14	11	15	12
H294449288	魏易怡	86	8	9	7	10	6	2	5	1	3	4	20	17	19	16	18	12	14	15	11	13
D196002787	陳鈞岑	82	9	8	10	6	7	4	5	2	3	1	20	16	17	18	19	15	12	13	14	11
E294412822	郭偉成	68	10	7	8	6	9	1	3	4	2	5	19	20	17	16	18	12	14	13	15	11
B198176626	張火憲	89	8	10	9	7	6	1	4	3	2	5	17	18	16	20	19	11	13	12	14	15
E193690357	張智恩	67	9	7	8	10	6	1	2	4	3	5	17	16	20	18	19	14	13	15	12	11
E298652484	林淑仁	73	8	9	10	6	7	2	1	5	3	4	17	16	18	19	20	12	11	14	13	15
D296487577	呂佳發	79	8	9	10	6	7	3	1	2	4	5	17	16	20	19	18	14	11	15	12	13
H193318353	蔡筱婷	73	9	6	10	8	7	4	2	5	3	1	17	16	19	20	18	14	12	13	15	11
A193707497	陳邦帆	60	6	7	8	10	9	5	1	4	3	2	16	20	18	17	19	14	15	12	13	11
F194041608	鄭琳峰	97	6	10	9	8	7	1	2	3	4	5	19	20	16	17	18	14	15	12	13	11
C292959393	謝旺謙	65	9	10	8	7	6	5	1	3	4	2	17	20	18	19	16	14	11	12	15	13
B197434549	李宜珊	84	10	9	7	6	8	1	2	3	5	4	16	17	19	18	20	11	13	14	15	12
E299929546	袁佳慧	68	10	8	9	7	6	1	3	5	4	2	19	18	17	16	20	15	11	13	14	12
A292858166	林清綸	75	7	9	6	10	8	1	2	3	4	5	18	19	20	16	17	14	11	15	13	12
B291488438	朱慧娟	93	10	7	9	8	6	5	1	2	3	4	19	17	20	18	16	14	11	15	12	13
C299885207	張儒元	71	8	9	10	7	6	3	1	2	5	4	17	16	20	19	18	11	12	13	15	14
F191009948	曾佩蓉	62	7	9	6	8	10	4	3	1	5	2	19	20	16	18	17	15	13	14	12	11
B192383476	林怡合	63	8	9	7	10	6	5	3	2	4	1	19	20	17	16	18	15	14	12	13	11
C296816184	陳姿坤	69	6	8	9	7	10	5	4	3	2	1	19	20	17	16	18	11	12	15	14	13
F197608954	張秀芬	83	7	10	8	6	9	4	1	2	5	3	19	16	18	20	17	13	15	12	14	11
A196588136	黃子松	89	8	10	6	9	7	4	2	3	5	1	16	19	18	17	20	13	14	12	11	15
B294824829	陳秋山	80	8	7	6	10	9	3	2	5	4	1	18	20	16	17	19	14	15	12	13	11
F196488878	林家銘	65	7	9	8	6	10	2	3	4	5	1	18	17	20	16	19	13	12	14	11	15
H195062407	連博江	69	10	7	8	9	6	3	2	4	1	5	18	19	16	17	20	14	11	13	12	15
H291568508	趙采穎	78	6	10	8	7	9	3	5	2	4	1	20	18	16	17	19	15	11	14	12	13
D292116513	曾乃文	94	11	14	15	12	13	19	17	16	18	20	1	3	4	5	2	7	9	10	8	6
A297388249	黃家華	62	12	14	15	11	13	16	19	17	18	20	3	5	1	4	2	10	9	8	7	6
B191040418	王冠傑	94	14	12	11	15	13	19	16	17	20	18	4	2	1	3	5	7	10	9	6	8
H297932897	高宜靜	83	15	11	12	13	14	17	20	19	16	18	3	2	1	4	5	10	9	8	6	7
A298628680	周欣瑜	90	13	15	12	14	11	16	18	17	20	19	5	1	2	3	4	8	6	10	9	7
A196893874	郭文君	70	12	14	13	11	15	16	18	20	19	17	4	5	1	2	3	10	8	7	6	9
D292616018	陳希延	85	14	12	11	13	15	16	19	18	17	20	1	3	5	4	2	7	6	10	9	8
G199888335	蔣筱芸	97	13	15	12	14	11	20	17	16	19	18	3	1	5	2	4	8	9	7	6	10
C296729275	陳怡安	61	14	11	12	13	15	18	19	20	17	16	3	4	1	2	5	8	10	6	9	7
D294902982	施彥君	69	11	14	12	15	13	16	17	19	20	18	3	1	5	4	2	7	8	10	9	6
G193828086	李雯燦	63	13	12	11	15	14	16	20	18	17	19	3	1	2	4	5	9	7	8	6	10
A195575395	曾與霞	76	11	15	12	14	13	17	19	18	16	20	2	4	3	1	5	6	7	8	9	10
C191780123	林怡芳	61	14	15	11	13	12	20	18	16	17	19	2	3	4	1	5	9	8	10	7	6
E296552123	李俊宏	76	11	14	13	15	12	18	16	19	20	17	2	3	5	1	4	6	9	7	10	8
E199852600	陳瑞枝	81	11	12	13	15	14	16	18	17	19	20	3	1	4	5	2	10	7	8	9	6
C297400135	王卓城	95	13	11	14	15	12	17	19	18	16	20	1	2	3	4	5	10	6	9	8	7
F195905576	趙詩泰	77	11	13	15	14	12	20	16	19	18	17	3	4	1	2	5	8	6	7	9	10
F295158597	陳淑萍	92	12	11	15	14	13	16	17	19	20	18	4	5	1	2	3	7	6	10	8	9
H293912979	賈佳玲	73	11	12	13	15	14	20	17	16	18	19	3	4	1	2	5	6	8	10	7	9
A193702394	王雅雯	63	12	14	15	11	13	18	17	19	16	20	3	2	4	1	5	9	8	7	10	6
G199198685	高則彬	95	13	15	14	12	11	17	20	18	19	16	5	3	4	1	2	7	10	8	9	6
F198541985	賴嘉玲	93	13	15	12	11	14	18	19	20	17	16	2	5	3	1	4	10	8	9	7	6
E294336283	林威任	60	14	12	11	15	13	19	16	20	17	18	2	3	4	1	5	8	9	10	7	6
C198293016	黃怡潔	94	11	14	12	15	13	19	17	16	18	20	4	3	2	5	1	8	6	7	9	10
B299675540	劉晉俊	60	14	12	15	11	13	19	17	18	16	20	2	4	5	1	3	6	9	7	8	10
G294470719	方友希	86	12	14	13	15	11	16	20	18	17	19	3	2	1	4	5	10	8	7	6	9
D295548919	張嘉郁	68	13	14	12	15	11	17	16	19	20	18	4	3	1	5	2	6	9	7	10	8
D296832125	王馨文	73	11	14	15	12	13	19	16	20	17	18	2	4	3	5	1	9	10	6	8	7
D192131769	張莉婷	86	11	15	12	14	13	16	19	20	17	18	5	2	3	1	4	10	7	6	9	8
B197378019	彭美惠	67	15	14	13	11	12	16	19	17	20	18	3	1	2	4	5	6	10	9	7	8
H197163309	顏健賢	80	12	11	14	15	13	20	18	17	19	16	5	3	4	2	1	8	6	9	10	7
B196979263	蔣育廷	63	13	15	11	12	14	17	18	19	20	16	3	4	2	1	5	10	6	8	7	9
B199421540	蕭雅孝	72	11	14	13	12	15	20	18	16	19	17	5	3	4	1	2	6	7	9	8	10
B292489251	趙宜芳	91	13	14	15	11	12	19	18	17	16	20	4	5	1	2	3	9	8	7	10	6
D292083313	馬曉芬	90	12	11	13	15	14	20	19	17	16	18	4	1	5	3	2	9	10	8	6	7
F297270621	吳奇恒	75	15	14	13	12	11	20	19	18	16	17	3	4	5	2	1	9	8	7	6	10
F194264898	洪冠良	67	13	15	12	14	11	16	17	18	19	20	2	1	3	5	4	6	10	9	7	8
F297329370	陳宏枝	88	11	14	12	13	15	20	16	17	18	19	2	5	4	3	1	8	10	7	9	6
E294474493	黃玉奇	98	11	12	13	14	15	18	16	19	20	17	3	2	4	5	1	7	6	8	10	9
B199466049	陳彥宏	90	11	12	15	14	13	16	20	19	18	17	2	3	4	5	1	9	6	8	10	7
H295984204	謝馥佐	84	11	15	12	13	14	18	20	19	16	17	1	3	4	2	5	10	9	8	6	7
G293835430	黃文雨	61	15	14	11	12	13	19	16	18	17	20	3	5	1	4	2	10	9	8	6	7
H292018445	李素江	70	12	14	13	15	11	19	20	18	17	16	4	5	3	1	2	10	9	6	8	7
C293227514	張嘉達	93	14	11	15	13	12	19	20	17	18	16	2	3	4	1	5	10	8	7	6	9
G292160578	許宗穎	88	13	14	12	11	15	17	19	20	16	18	4	2	1	3	5	10	7	8	9	6
G296112872	翁雅婷	96	13	15	12	14	11	16	20	19	18	17	1	2	3	5	4	7	9	6	8	10
H192432569	劉雅文	77	11	12	13	15	14	18	20	16	19	17	4	5	1	2	3	9	8	10	7	6
F292964164	盧珍芸	82	14	12	15	11	13	17	18	19	16	20	4	1	2	3	5	6	8	10	7	9
F292155745	蔡妍昆	90	13	14	15	11	12	20	18	16	17	19	2	5	4	1	3	7	10	6	8	9
G293983600	藍芳儀	94	13	12	14	15	11	16	17	18	19	20	1	2	5	4	3	8	10	9	6	7
C195832431	黃世強	94	11	15	14	12	13	17	16	20	18	19	3	1	5	2	4	8	7	10	9	6
A192204540	駱之安	85	12	13	14	15	11	17	16	19	18	20	5	1	3	4	2	8	7	9	6	10
G296929046	葉若芷	71	11	15	14	12	13	17	20	19	18	16	4	1	3	2	5	8	7	6	10	9
A292107566	謝文福	98	12	11	13	14	15	17	19	20	18	16	5	4	1	2	3	9	8	6	7	10
B297274545	陳思涵	96	12	14	15	11	13	17	16	20	18	19	2	4	3	1	5	6	7	10	8	9
A299207836	林佩珊	80	14	12	15	11	13	17	18	20	19	16	1	3	2	4	5	7	8	9	6	10
C196413510	李承康	68	15	14	11	13	12	17	19	18	20	16	1	4	5	3	2	7	8	9	6	10
A292212295	劉佳琪	89	12	11	13	14	15	20	16	19	17	18	4	2	3	1	5	7	9	8	6	10
D192334966	林湘芃	99	13	15	11	14	12	19	20	16	18	17	4	1	5	3	2	9	6	8	7	10
G197687241	朱韻如	64	12	11	15	13	14	19	18	17	20	16	1	4	2	5	3	7	9	6	10	8
A194547351	林芳容	92	13	11	12	14	15	16	18	19	20	17	1	5	3	4	2	8	9	10	7	6
C192971333	黃尹惟	81	11	14	12	13	15	18	16	17	20	19	3	1	5	2	4	10	7	6	8	9
H298733218	劉柏君	72	13	11	14	15	12	17	18	20	16	19	5	1	4	2	3	6	7	10	8	9
C194732834	李鎮奇	95	15	11	14	12	13	17	18	16	20	19	4	3	5	2	1	6	9	7	8	10
F196731847	許兆屏	99	11	15	13	14	12	19	18	20	16	17	5	4	3	1	2	10	9	8	7	6
E291265796	周宛真	75	15	13	12	11	14	19	17	16	20	18	5	4	2	3	1	9	7	10	8	6
C292666795	楊培軍	64	13	11	15	12	14	18	17	20	16	19	3	5	4	1	2	9	10	7	6	8
E295232346	黃彥良	84	13	14	11	12	15	19	18	16	17	20	3	5	2	4	1	7	8	9	10	6
B293521552	吳士星	75	14	15	12	11	13	18	20	19	17	16	4	3	1	2	5	7	10	8	6	9
G194489127	陳信友	100	11	15	13	12	14	17	20	18	19	16	2	1	4	5	3	10	9	7	6	8
G198090340	廖崇福	88	12	15	13	14	11	19	20	18	16	17	5	3	2	4	1	8	6	10	7	9
G195007281	郭昱宏	84	15	14	12	13	11	20	16	18	19	17	2	4	1	5	3	10	8	6	7	9
E295515233	王志豪	63	13	11	15	12	14	18	17	20	19	16	5	4	1	2	3	7	6	10	9	8
C198168581	蔡宗綸	62	15	14	11	13	12	17	20	16	19	18	3	2	4	5	1	9	7	6	10	8
H191048125	陳志宇	62	15	12	11	13	14	16	17	20	19	18	1	5	4	3	2	8	9	10	6	7
B192744844	張昭友	93	12	14	11	15	13	19	20	16	18	17	1	5	4	3	2	7	9	8	10	6
E199602397	錢怡君	75	12	11	15	13	14	19	20	16	18	17	2	3	1	4	5	9	6	8	10	7
D292211817	金俞光	71	13	11	15	12	14	18	16	19	20	17	1	4	3	2	5	7	6	10	9	8
B194121438	李文珮	99	14	11	12	13	15	16	17	20	19	18	1	2	4	5	3	9	10	8	6	7
H294678798	陳春念	75	15	12	13	14	11	20	18	17	19	16	2	1	4	3	5	6	10	7	9	8
D191872967	施君季	81	15	12	13	14	11	20	19	17	16	18	1	4	2	5	3	8	9	7	10	6
F197498458	林雅雯	86	14	11	15	12	13	19	16	18	20	17	3	1	2	4	5	9	6	8	7	10
B292944079	林紫歡	62	15	12	11	14	13	17	20	18	19	16	4	1	3	2	5	7	9	6	10	8
F192569872	吳妍謙	75	14	15	13	11	12	18	20	19	17	16	3	4	2	5	1	6	7	10	9	8
D296448650	唐綺云	82	13	12	14	11	15	20	19	16	18	17	2	4	3	5	1	7	9	6	8	10
C191105540	洪雅婷	68	13	15	14	11	12	17	16	19	20	18	2	4	1	3	5	9	7	6	10	8
B298148562	劉婉如	65	13	15	12	11	14	16	18	20	19	17	4	5	3	2	1	9	10	7	6	8
E197173884	李瑋婷	74	15	13	12	14	11	17	20	16	19	18	1	5	3	4	2	9	6	8	10	7
F193793345	沈慧玲	87	12	11	15	14	13	20	19	17	18	16	1	5	2	3	4	9	6	10	7	8
D294399609	楊旻利	79	14	15	11	12	13	17	19	20	18	16	3	5	4	2	1	9	7	10	8	6
A292398316	唐怡婷	78	15	13	11	14	12	19	18	16	17	20	1	5	2	3	4	7	10	9	6	8
F194742502	張兆祥	82	11	13	12	15	14	19	20	18	17	16	3	2	4	5	1	7	10	9	6	8
B291142240	錢培誠	75	13	12	15	11	14	20	18	16	17	19	1	3	5	2	4	9	7	6	10	8
B192672950	陸哲瑋	61	12	11	13	15	14	18	17	20	19	16	1	2	5	4	3	10	9	6	7	8
B291635606	郭俊喬	66	14	13	15	11	12	18	17	16	19	20	1	3	5	4	2	9	6	8	7	10
A293395417	郭怡惠	72	13	14	12	15	11	18	17	19	20	16	1	3	5	4	2	8	10	9	7	6
D297031177	王心怡	89	15	14	13	11	12	17	16	19	20	18	5	2	3	4	1	7	9	10	8	6
H292288483	尹科凌	92	11	13	12	14	15	16	17	18	19	20	3	4	1	5	2	6	10	9	8	7
A292096773	倪亞尹	89	13	15	14	11	12	16	19	18	20	17	4	3	1	2	5	9	6	8	10	7
E299467505	張奕翔	90	13	11	14	15	12	16	18	20	19	17	4	5	2	1	3	8	10	9	7	6
E197195228	楊有坤	61	13	14	11	12	15	16	17	20	18	19	6	9	7	10	8	5	1	4	3	2
B297726259	王彥凌	69	14	11	12	15	13	20	17	16	18	19	7	9	10	8	6	5	1	3	2	4
F198654272	陳家瑜	80	15	14	12	13	11	20	19	18	16	17	6	7	9	10	8	5	2	3	4	1
H299533712	蔡松仲	78	13	11	15	12	14	18	16	20	19	17	9	6	8	7	10	2	5	3	4	1
G294646062	梁湖盈	78	12	11	14	15	13	16	19	18	17	20	10	8	7	9	6	4	3	1	5	2
D195832816	林得禎	94	14	15	13	12	11	17	20	19	18	16	10	6	9	8	7	1	4	3	5	2
E294215501	黃吉筠	88	15	11	14	13	12	17	20	18	19	16	7	9	6	10	8	4	1	5	3	2
G192710254	江淑婷	98	14	15	11	12	13	20	19	18	17	16	6	8	7	9	10	5	4	1	2	3
A294065990	吳彥翔	63	12	15	13	11	14	19	18	16	20	17	10	7	6	8	9	2	1	3	5	4
D293184864	林沛瑩	90	15	11	12	13	14	17	19	20	18	16	10	6	9	7	8	5	4	1	2	3
E296674599	韓綺仰	91	12	13	11	14	15	18	20	17	16	19	10	9	8	7	6	5	4	1	3	2
D197528833	張筱涵	89	12	11	14	13	15	17	19	20	16	18	7	8	6	10	9	3	4	2	5	1
D193001019	張裕仁	75	15	12	13	14	11	16	17	19	18	20	9	10	6	8	7	5	1	3	2	4
G298370916	李裕翔	99	11	12	13	14	15	20	16	19	18	17	8	9	6	10	7	1	5	4	2	3
H195647286	余涵威	88	11	12	13	14	15	17	16	20	19	18	10	6	8	7	9	1	5	4	2	3
G298198147	鐘家瑋	68	14	12	15	13	11	20	19	17	18	16	6	8	7	10	9	1	4	5	2	3
F196522142	陳偉智	88	11	12	14	15	13	17	20	19	16	18	6	10	9	7	8	5	3	2	4	1
H198632643	詹夙凱	83	14	12	15	11	13	19	17	16	20	18	9	10	6	8	7	2	4	5	1	3
C297381117	蔡淑婷	60	14	13	11	12	15	20	16	17	19	18	10	7	8	6	9	1	2	3	5	4
A295551842	彭淑慧	96	12	13	11	15	14	17	19	20	18	16	6	10	8	9	7	4	3	1	5	2
H192629571	陳郁群	94	11	12	14	13	15	18	20	16	19	17	10	9	8	6	7	5	1	3	4	2
B296128508	陸宗翰	69	14	12	15	11	13	20	16	17	19	18	9	6	8	10	7	3	4	5	1	2
F191628569	楊宗琴	66	11	13	15	12	14	16	19	20	18	17	9	7	6	10	8	1	2	3	4	5
C291451825	陳侑儀	66	15	11	12	14	13	20	19	17	18	16	10	9	7	6	8	4	1	5	3	2
B194723512	劉得汝	61	12	13	14	15	11	20	19	18	16	17	7	9	8	10	6	2	1	4	5	3
A291079938	陳威孝	90	11	12	15	14	13	18	20	19	17	16	9	7	10	6	8	3	1	5	2	4
E297243963	劉憲恭	72	14	12	15	13	11	17	20	18	19	16	6	7	8	10	9	1	3	5	4	2
A196439656	林民容	95	14	15	11	13	12	19	18	20	17	16	8	7	9	6	10	2	4	1	5	3
E292421298	楊心蕙	95	12	15	13	11	14	20	19	17	18	16	10	7	8	9	6	4	3	2	1	5
G299254724	劉俊君	70	14	13	11	15	12	17	20	16	19	18	10	8	7	9	6	2	1	5	3	4
C194418919	吳宛蓉	63	11	15	14	13	12	19	18	20	17	16	7	8	9	10	6	1	3	2	4	5
C297565891	楊麗華	83	11	13	15	12	14	18	20	19	16	17	8	10	7	6	9	2	4	3	1	5
B192510633	錢千慧	98	12	15	13	14	11	19	17	20	16	18	9	6	8	10	7	4	5	1	2	3
G298643665	王建強	68	12	14	13	15	11	20	16	19	18	17	10	8	9	7	6	3	2	5	4	1
D291212874	高信亞	74	11	15	12	14	13	20	19	16	17	18	8	9	7	6	10	5	2	3	1	4
E294515088	蔡牧苓	75	11	14	13	12	15	17	18	16	20	19	10	9	8	6	7	1	3	5	4	2
F292144313	戴邦紋	79	13	15	14	12	11	20	19	17	18	16	6	7	9	10	8	4	5	2	3	1
A298935386	張馥凱	71	13	11	15	14	12	19	17	16	18	20	6	9	8	10	7	2	1	3	5	4
G292537122	陳志明	100	13	14	11	15	12	16	18	20	17	19	8	10	6	7	9	3	2	1	4	5
D299410685	楊萬貞	93	15	12	14	13	11	17	18	19	16	20	10	6	8	7	9	1	3	4	5	2
F299887080	陳瑋妹	82	14	12	11	13	15	18	17	16	20	19	9	10	7	8	6	3	5	2	1	4
D291616158	林玉全	91	11	15	14	13	12	16	18	17	20	19	7	9	6	10	8	4	3	5	2	1
E297440211	林嘉豪	79	14	13	11	12	15	19	16	18	20	17	7	8	9	10	6	2	3	5	1	4
C194729686	陳玉婷	79	13	11	15	14	12	16	18	17	20	19	7	8	9	10	6	4	5	2	1	3
G294239861	陳筱芷	75	12	15	13	11	14	20	16	19	17	18	6	8	10	7	9	4	3	1	2	5
A191563371	馮淑娟	69	13	15	12	14	11	16	18	19	20	17	10	6	9	7	8	2	5	1	4	3
C294927817	白雲鳳	95	15	13	11	12	14	17	20	18	16	19	9	8	10	6	7	4	5	2	1	3
A298383622	胡宣峰	67	11	15	14	13	12	20	17	19	16	18	8	7	10	6	9	1	2	5	4	3
F293629440	謝堯茵	64	14	15	13	11	12	19	17	18	16	20	6	10	8	7	9	1	2	3	5	4
E296683516	曹俊嘉	62	13	14	15	11	12	19	20	18	16	17	8	9	10	7	6	5	2	4	3	1
D193516220	林麗毓	77	12	13	15	11	14	19	16	17	18	20	6	8	7	10	9	5	1	2	4	3
E199889992	張博宜	64	11	13	12	14	15	18	19	16	17	20	10	7	9	8	6	5	1	2	4	3
H195905747	方明慧	98	13	14	11	12	15	20	16	18	17	19	8	6	9	10	7	4	5	2	1	3
A195262366	陳聖星	95	12	15	11	14	13	16	17	19	18	20	9	6	7	8	10	2	1	3	5	4
A197810155	黃冠俊	100	15	11	13	12	14	20	16	17	19	18	6	10	7	8	9	1	2	5	3	4
C196448540	林婷梅	69	14	11	12	15	13	18	16	19	17	20	8	10	7	9	6	3	1	5	2	4
E193754632	魏大鈞	71	12	11	14	15	13	16	19	18	20	17	10	9	8	7	6	1	4	5	3	2
C192011850	陳惠齊	96	14	12	15	11	13	17	19	20	18	16	6	8	9	10	7	2	5	4	1	3
G293038057	張偉玟	78	11	14	12	15	13	16	18	19	17	20	6	8	10	9	7	1	2	4	3	5
B192462801	劉宗翰	89	11	14	15	12	13	18	16	17	20	19	7	10	8	9	6	2	3	5	4	1
A299471934	張禹人	71	15	12	13	14	11	17	20	16	18	19	6	10	9	8	7	3	4	2	1	5
C194821710	林如韋	71	15	12	13	11	14	17	18	16	20	19	8	6	10	7	9	5	2	4	3	1
A193471278	黃建順	80	11	13	14	15	12	20	16	17	18	19	9	7	8	10	6	4	1	2	3	5
H296596771	黃雅如	68	13	14	12	15	11	16	20	17	19	18	10	7	6	9	8	4	3	2	5	1
E296188052	林郁星	69	13	15	14	11	12	17	20	16	19	18	9	10	8	6	7	5	3	1	2	4
G293067094	涂秀美	100	12	15	11	13	14	19	18	20	17	16	6	8	7	9	10	2	1	5	4	3
E295403694	謝佩侑	96	13	12	11	14	15	20	18	16	19	17	8	7	6	9	10	2	5	1	4	3
G292433147	林秀卿	82	15	13	11	14	12	16	19	18	20	17	9	7	10	6	8	5	2	4	1	3
F194885904	郭裕仁	93	11	13	14	15	12	17	16	20	18	19	7	9	8	6	10	5	3	4	2	1
G193879136	黃子香	62	15	12	14	13	11	16	17	20	18	19	6	8	9	10	7	1	2	3	4	5
D195585385	林秀恬	75	12	13	11	14	15	19	18	20	17	16	6	9	8	7	10	1	2	3	4	5
H291848789	李淑芳	70	12	14	11	15	13	18	19	17	20	16	9	6	8	7	10	1	2	4	3	5
E194861225	連佩君	92	13	12	15	11	14	17	16	19	20	18	9	7	10	8	6	3	5	2	4	1
G194941542	林冠宏	96	11	13	12	15	14	20	19	16	18	17	8	6	9	10	7	5	1	3	2	4
C195259165	劉美菁	72	11	15	13	12	14	18	16	17	19	20	7	8	9	6	10	1	5	2	4	3
C199958089	簡梅仁	93	15	13	14	11	12	19	16	17	20	18	8	9	7	10	6	2	5	1	3	4
E295387695	柳君昇	72	11	14	13	12	15	16	20	19	17	18	9	8	10	6	7	4	2	5	3	1
G194414746	林月臻	71	15	13	11	12	14	19	17	18	16	20	10	8	9	7	6	2	5	1	4	3
A197855421	鄭南恒	92	11	12	15	13	14	19	18	16	20	17	9	6	7	8	10	4	5	2	1	3
D194382380	元雅玲	88	15	13	14	11	12	18	17	19	20	16	10	6	8	9	7	2	3	4	5	1
C294451489	曾惠雯	67	14	11	12	13	15	20	18	16	19	17	9	6	7	10	8	5	1	2	4	3
G293057347	魯婉瑜	84	15	14	12	13	11	16	19	20	18	17	9	7	6	8	10	2	5	3	4	1
E199960214	張佳琳	60	13	12	14	11	15	17	18	20	16	19	6	8	9	10	7	2	4	1	5	3
C192171904	許智筠	92	15	14	13	12	11	18	19	20	16	17	6	7	9	8	10	1	4	2	3	5
E295761673	李孟璇	88	13	14	11	15	12	16	17	19	18	20	7	10	6	9	8	3	4	1	5	2
F192740724	黃慧英	72	13	15	14	12	11	19	18	16	17	20	6	9	10	7	8	3	4	5	2	1
E298502318	王莉喬	87	14	11	12	15	13	17	19	20	16	18	7	10	9	6	8	2	5	1	3	4
C199840000	陳建羽	79	11	15	12	13	14	20	16	18	19	17	6	9	7	10	8	5	1	3	4	2
G293384107	王聖利	96	11	13	14	15	12	16	18	17	20	19	9	7	8	6	10	3	4	1	2	5
D291360688	黃詩音	63	11	13	15	14	12	16	17	19	20	18	6	7	8	9	10	1	2	4	3	5
G197166050	張信宏	87	11	12	15	13	14	18	16	20	17	19	8	10	9	7	6	2	5	3	4	1
F298561907	許振憲	67	13	15	12	14	11	16	20	17	18	19	7	9	6	8	10	2	4	3	1	5
B197025602	呂鎮香	64	15	12	14	11	13	20	16	19	17	18	8	6	10	9	7	4	2	1	3	5
A294327315	高淑真	96	13	14	12	11	15	17	16	19	20	18	10	9	8	6	7	5	3	4	2	1
E291917008	吳宜君	93	12	14	15	11	13	19	20	17	18	16	8	6	9	7	10	4	3	2	5	1
C196662602	林裕云	93	15	12	14	11	13	20	16	18	17	19	6	8	10	9	7	5	4	1	3	2
F192354479	張琳友	98	11	12	13	14	15	18	19	16	17	20	8	7	10	9	6	4	1	3	2	5
C294643861	沈政翰	60	13	15	12	11	14	16	17	18	19	20	7	10	8	9	6	2	5	4	3	1
E298251263	黃翔幸	62	15	11	13	12	14	17	19	20	18	16	7	10	6	8	9	5	4	3	1	2
B297792235	周丞琴	100	13	14	12	11	15	18	17	19	20	16	10	9	8	6	7	3	5	4	2	1