1	|	袁淑貞	|	5 6 1 7 10	|	88
2	|	楊雅婷	|	9 4 7 8 1	|	85
3	|	羅淳季	|	1 5 3 6 7	|	78
4	|	陳寧鴻	|	9 4 1 8 10	|	79
5	|	王晏凱	|	7 3 10 2 9	|	72
6	|	林靜怡	|	4 10 5 7 1	|	99
7	|	劉佳豪	|	6 4 2 8 3	|	87
8	|	吳思昆	|	6 3 9 7 10	|	77
9	|	袁鳳邦	|	1 8 3 5 2	|	94
10	|	金玉玲	|	2 7 10 6 1	|	96
11	|	丁俊嘉	|	3 10 5 2 4	|	65
12	|	黃志松	|	2 6 7 4 8	|	79
13	|	楊智定	|	4 9 5 6 1	|	67
14	|	楊書豪	|	5 3 7 4 6	|	68
15	|	王玫和	|	4 9 3 1 10	|	78
16	|	黎雅玲	|	7 4 1 10 5	|	70
17	|	阮永民	|	5 3 6 2 9	|	84
18	|	蔡廷善	|	9 3 8 6 2	|	76
19	|	曾佩如	|	9 8 6 2 1	|	66
20	|	傅禮玫	|	8 3 4 6 9	|	70
21	|	楊惠裕	|	6 7 8 10 1	|	73
22	|	王聖瑄	|	9 4 5 6 7	|	67
23	|	蔡佳名	|	5 9 1 6 8	|	95
24	|	李雅萍	|	6 7 2 10 1	|	74
25	|	陳向宸	|	5 3 1 10 4	|	76
26	|	賴彥均	|	7 10 2 8 4	|	90
27	|	陳文汝	|	3 1 7 6 5	|	80
28	|	彭佩君	|	5 4 8 7 3	|	66
29	|	呂雯婷	|	7 5 10 2 6	|	99
30	|	簡心怡	|	5 6 1 9 10	|	70
31	|	陳芝智	|	9 1 8 3 5	|	81
32	|	張映尹	|	6 7 1 9 4	|	85
33	|	謝薇玟	|	9 8 5 2 10	|	86
34	|	袁俊傑	|	2 1 9 8 3	|	89
35	|	郭建志	|	9 3 6 8 4	|	97
36	|	鄭正偉	|	2 8 5 1 7	|	67
37	|	錢素仁	|	5 4 7 8 1	|	85
38	|	李宜盈	|	8 2 3 4 10	|	98
39	|	郭淑恩	|	4 6 7 8 5	|	81
40	|	王耀文	|	10 3 8 4 6	|	87
41	|	劉肇定	|	3 1 6 9 5	|	100
42	|	翁奇珮	|	10 2 5 6 4	|	75
43	|	吳珮瑜	|	3 6 9 8 10	|	98
44	|	林士州	|	4 8 7 10 1	|	73
45	|	鄧小芬	|	6 7 2 10 8	|	96
46	|	吳宛玲	|	1 2 7 6 4	|	88
47	|	李月士	|	7 4 1 8 5	|	78
48	|	沈鳳瑄	|	6 5 1 3 4	|	83
49	|	張辛誠	|	4 5 1 7 10	|	90
50	|	林明輝	|	3 2 7 8 9	|	69
51	|	蘇玉鳳	|	1 2 10 8 4	|	75
52	|	吳美珊	|	5 9 8 4 3	|	80
53	|	姜心怡	|	2 8 6 4 10	|	74
54	|	林妍桂	|	1 10 8 3 2	|	72
55	|	林昆文	|	5 2 6 1 10	|	75
56	|	曹茜萱	|	4 7 10 6 8	|	92
57	|	張羽梅	|	5 1 2 8 9	|	80
58	|	王瓊孝	|	3 2 1 9 5	|	86
59	|	孫嬌慧	|	2 7 4 8 1	|	94
60	|	趙筱婷	|	1 9 5 7 4	|	88
61	|	高詩婷	|	3 7 9 2 8	|	90
62	|	吳文俊	|	2 10 5 4 6	|	67
63	|	王秀娟	|	10 6 7 4 2	|	76
64	|	李欣宜	|	2 1 3 4 7	|	76
65	|	林秋燕	|	7 1 8 6 2	|	100
66	|	葉哲瑋	|	2 5 10 8 9	|	84
67	|	陳偉陽	|	7 8 2 6 3	|	90
68	|	林俊毅	|	4 2 6 5 8	|	73
69	|	吳志賢	|	4 9 1 3 6	|	76
70	|	楊欣怡	|	4 5 9 10 2	|	97
71	|	廖婉竹	|	5 9 6 7 8	|	65
72	|	楊皓菱	|	2 9 4 7 3	|	87
73	|	丁靖音	|	4 5 6 3 8	|	75
74	|	李婉如	|	10 2 3 9 8	|	72
75	|	楊哲維	|	8 1 7 3 2	|	83
76	|	謝佩政	|	7 10 5 6 3	|	70
77	|	夏琬珊	|	5 6 4 10 3	|	94
78	|	賴明宏	|	7 10 1 5 6	|	79
79	|	李玉剛	|	7 4 10 1 6	|	98
80	|	沈清珠	|	10 6 9 3 7	|	66
81	|	劉家辛	|	9 3 6 8 1	|	68
82	|	鄭培奇	|	9 8 10 2 3	|	96
83	|	李承玟	|	9 4 2 5 10	|	73
84	|	王明郁	|	2 8 1 6 4	|	69
85	|	張耀劭	|	1 8 7 2 4	|	84
86	|	姚希凌	|	8 1 3 7 4	|	99
87	|	蔡雅雯	|	10 5 4 6 3	|	98
88	|	黃曜宇	|	5 1 8 3 7	|	97
89	|	陳麗昆	|	10 8 3 4 2	|	71
90	|	李欣姍	|	5 6 1 2 7	|	93
91	|	楊雅幸	|	4 7 8 9 10	|	85
92	|	王佳蓉	|	9 7 2 8 3	|	78
93	|	蔡琳香	|	5 1 4 2 6	|	73
94	|	周湖音	|	10 3 8 1 6	|	75
95	|	丁欣怡	|	5 7 4 2 3	|	65
96	|	徐怡伶	|	6 5 7 10 3	|	96
97	|	林宗達	|	6 2 3 9 8	|	94
98	|	王卓睿	|	5 2 8 4 3	|	78
99	|	李育易	|	5 1 2 7 9	|	74
100	|	藍文凱	|	2 8 4 6 7	|	91
