D295172442	謝怡潔	89	12	5	18	6	8	16	13	11	2	4	17	10	3	9	1	7	14	15	20	19
F196069444	黃雅文	85	4	3	6	13	1	16	15	12	8	18	11	7	14	9	17	19	10	2	5	20
A196653763	賴怡瑜	61	16	13	5	4	14	19	20	11	6	8	12	9	10	15	17	1	2	7	18	3
H198662276	劉秀娟	78	20	2	15	4	11	9	18	1	8	6	10	14	19	12	3	7	17	16	5	13
C297574756	張耀羽	86	7	2	12	3	9	17	20	10	1	15	13	16	6	19	8	11	5	4	18	14
C197021838	王怡紫	91	18	16	9	13	10	15	14	6	7	5	4	3	11	1	12	2	8	19	20	17
D298211375	楊秀玲	73	11	3	9	5	18	17	1	13	15	4	2	12	7	10	8	16	19	6	20	14
F297767941	高志賢	86	5	17	10	6	16	1	14	20	19	13	2	9	15	12	3	7	18	8	4	11
A194465461	劉淑娟	81	19	13	16	2	14	12	3	17	8	18	5	4	6	20	1	7	9	10	15	11
G295494437	杜賢孜	81	16	15	13	20	8	5	12	11	19	10	4	7	1	2	14	9	3	6	17	18
H198790597	林琬婷	99	14	5	12	9	4	20	13	15	18	11	3	8	2	1	16	19	7	17	10	6
A299620464	陳雅雯	72	8	10	18	9	2	6	12	4	7	13	5	17	11	14	15	19	3	20	1	16
B295380880	楊文玲	85	15	20	1	18	3	2	12	5	6	17	11	14	4	7	13	16	8	10	19	9
F191493879	何佩蓉	81	17	11	15	20	16	3	18	7	19	8	4	10	5	12	9	1	6	14	13	2
E295157080	林子智	79	18	15	2	19	11	8	7	17	5	13	9	12	20	4	14	3	16	1	6	10
F197672374	林政駿	79	20	10	8	9	11	18	2	4	15	1	17	19	14	13	12	16	6	7	5	3
B295261111	林淑娟	80	14	8	11	20	6	3	18	16	13	12	5	7	19	9	10	4	17	2	1	15
F295006294	談淳易	87	16	15	17	7	18	3	11	4	12	13	5	2	10	19	1	20	8	9	6	14
D192357021	陳淑華	78	10	7	3	1	5	14	13	12	6	19	4	20	16	11	17	8	15	9	2	18
D297734511	林昆霖	79	9	3	18	15	7	8	12	19	4	14	2	10	17	1	20	13	11	16	6	5
B199458976	陳美士	97	12	9	13	16	10	7	19	20	11	17	15	5	2	1	3	14	4	8	18	6
F296886536	陳紹依	82	2	20	1	13	17	10	16	5	11	6	14	12	19	3	4	7	9	15	8	18
D192567509	李炳玄	78	12	13	6	4	7	16	8	9	2	11	19	20	18	15	3	17	1	10	5	14
G192673658	許法辛	87	19	1	12	14	15	17	11	18	8	4	13	7	9	10	2	5	6	16	3	20
F191359087	林郁亨	100	3	18	16	20	7	5	14	10	15	9	6	2	19	11	17	4	12	13	8	1
C195262439	鄭淑琬	81	3	20	14	18	4	16	9	17	7	6	11	12	13	10	5	19	15	1	8	2
F295552415	蘇惠婷	94	11	8	20	6	3	4	1	5	17	14	19	15	12	16	10	13	7	2	9	18
H196439635	姜世豪	86	2	7	9	11	8	3	10	14	5	6	4	13	12	17	16	19	20	18	15	1
A193902910	李建信	85	18	20	13	10	4	16	9	14	19	12	15	3	6	11	8	5	2	17	7	1
E198322201	林哲銘	73	11	20	9	16	7	13	14	1	15	8	12	4	6	5	2	10	19	18	3	17
F292360095	胡雅雯	81	8	2	20	3	1	12	15	13	17	11	14	18	16	9	4	7	6	5	19	10
H196200689	盧志明	82	8	2	13	6	9	10	4	3	16	20	15	17	7	5	18	12	19	14	11	1
D193606167	王惠敏	82	15	16	14	8	19	20	18	11	4	6	7	5	3	17	1	2	10	9	12	13
F199416865	張雅惠	74	7	6	2	10	12	18	15	8	3	17	19	9	20	5	13	14	4	16	1	11
D196804290	陳劭儒	82	19	17	18	8	3	2	9	13	5	11	14	10	7	12	15	1	4	20	6	16
H192378015	劉婉瑩	82	13	6	9	19	3	18	20	8	5	14	11	12	17	4	10	2	15	1	16	7
C193710727	鞠乃白	80	17	4	11	10	8	12	16	7	15	13	2	6	19	9	20	1	18	14	3	5
F292414945	葉淑芬	100	16	18	19	20	15	11	14	1	3	17	12	6	7	9	4	2	8	5	10	13
A192818884	宋丞善	77	18	10	19	9	4	15	13	7	17	6	16	20	11	8	1	5	12	2	14	3
G296333086	李虹學	78	15	7	12	4	19	3	6	8	1	16	13	17	20	2	9	14	11	5	10	18
H298055004	林淑如	93	3	20	12	15	13	11	5	8	17	14	1	18	10	7	16	6	9	2	19	4
G296726170	陳禹穎	89	4	13	14	3	2	15	6	17	20	11	18	1	7	19	10	12	16	9	5	8
F291822658	潘炳旺	69	11	15	6	16	8	18	20	5	17	14	1	12	7	4	19	2	3	9	10	13
A195082699	林政哲	78	12	14	9	7	11	17	2	19	15	18	4	5	6	10	3	1	13	8	16	20
C198570296	廖冠宇	80	9	4	14	17	12	15	11	13	5	7	1	2	10	6	18	19	3	16	8	20
H297666790	賴依婷	78	6	15	20	7	17	8	10	14	12	13	11	2	4	9	18	19	1	3	5	16
C198839110	林湘寧	77	11	12	15	5	13	19	4	1	16	20	18	3	17	2	7	6	9	8	14	10
A297401292	張長瑄	65	7	5	18	2	12	20	13	8	17	4	1	3	9	14	10	16	6	19	15	11
A299330778	林松泉	98	2	3	11	1	14	15	7	5	4	10	12	13	17	9	6	18	20	16	8	19
H295496094	陳麗坤	78	13	4	20	14	18	15	16	12	11	6	8	2	7	19	5	9	10	1	17	3
C199860173	周惠君	63	16	4	8	3	13	11	17	18	14	7	12	19	1	6	5	2	9	10	20	15
A191502903	吳明瑋	98	20	5	9	14	3	15	19	1	6	7	16	12	10	13	18	8	2	4	11	17
E193526049	何慧茹	83	7	13	16	3	17	10	15	4	5	19	9	20	18	6	8	14	12	1	2	11
A297001167	錢偉倫	78	20	7	13	6	19	12	5	10	11	4	1	16	14	3	8	9	15	17	2	18
F296831700	林靜琬	85	9	20	15	13	3	8	19	12	7	5	17	10	2	16	14	1	4	18	6	11
C295968689	蘇以年	75	4	20	12	2	3	13	14	16	1	19	18	10	7	5	9	6	17	11	8	15
B297270921	黃建佑	81	9	8	14	20	7	3	5	6	4	13	1	15	16	10	12	19	2	17	11	18
F297239577	王明軒	79	10	1	13	15	20	9	7	6	16	4	5	11	18	14	12	3	2	8	17	19
A193741471	王秀琬	79	4	10	11	3	13	19	14	16	5	12	17	8	1	20	18	2	9	7	15	6
H298846863	陳水全	65	11	19	3	14	17	13	8	10	12	6	15	20	2	4	5	7	1	9	18	16
A295621410	寇婉源	100	17	3	2	19	5	12	6	9	16	7	10	4	13	20	11	15	18	8	14	1
A191811318	張怡芬	77	8	16	20	1	7	18	5	10	19	15	3	9	11	4	6	2	17	12	13	14
E293773568	胡欣怡	91	19	14	11	9	20	6	4	12	17	8	18	3	10	13	2	1	5	16	15	7
B195296818	陳湘夢	83	19	17	15	8	5	14	13	6	16	1	20	7	10	4	2	18	3	12	9	11
B291351838	黃慧凱	67	6	17	12	13	7	14	2	8	9	19	18	10	4	15	1	16	5	3	20	11
D194199321	張淑貞	83	8	2	14	18	16	3	7	1	19	9	20	4	11	13	10	15	12	5	6	17
G294718401	陳彥均	68	19	12	14	18	11	16	17	2	4	13	20	15	5	1	6	10	7	3	8	9
B193099311	王民州	73	20	16	11	5	18	2	8	7	15	12	10	4	6	17	19	1	9	3	13	14
H291871957	周子傑	71	20	7	1	14	16	17	19	2	13	15	10	3	11	4	18	6	9	12	5	8
H191540017	王雅其	74	9	7	14	18	11	8	15	19	17	10	4	2	13	20	16	6	3	1	5	12
F295395312	林苡惠	93	8	10	16	14	13	5	19	18	1	2	12	3	15	11	6	7	4	20	9	17
A199576932	陳與峰	89	11	12	16	14	20	7	13	15	8	4	17	19	5	1	9	6	3	2	10	18
C297084506	楊麗珠	83	10	17	15	14	19	20	18	7	4	2	6	3	1	11	12	13	8	16	9	5
E191749508	張歡璇	100	19	1	20	5	9	13	4	3	16	18	12	10	15	8	6	11	7	2	17	14
C295731646	陳明韋	73	19	4	13	3	17	5	7	14	2	1	12	20	10	9	11	6	16	8	18	15
A198393206	林雅韋	85	13	18	7	3	6	12	9	14	17	4	5	2	8	16	11	1	20	15	19	10
C198443114	楊曼汝	70	18	19	13	9	8	2	1	20	5	11	16	4	6	10	15	17	14	7	3	12
G197565919	陳宜真	86	10	11	16	18	7	12	13	4	9	20	3	19	14	5	17	1	15	8	2	6
B295381145	許家冰	75	9	20	3	6	5	17	1	8	19	10	15	4	16	2	13	11	12	7	14	18
F298381301	王文達	65	4	17	19	9	8	6	14	3	16	7	12	13	2	18	11	5	10	20	1	15
A298644826	崔俊男	70	12	3	16	6	20	8	10	17	11	1	18	13	14	4	2	15	7	19	9	5
F191823877	柯潔枝	73	5	20	10	14	16	4	15	18	7	19	3	9	1	12	13	11	8	17	6	2
B199304713	潘海裕	84	9	13	16	3	17	10	12	6	14	5	8	7	11	18	15	1	2	19	4	20
F291150326	黃文青	74	1	17	13	16	20	18	14	3	2	19	10	12	4	7	8	6	9	15	11	5
C295338716	趙怡雯	89	8	7	16	6	18	3	13	5	1	4	11	15	19	9	2	17	14	20	12	10
D296696067	陳怡君	84	7	18	14	17	20	3	8	12	6	11	2	4	10	19	13	5	16	1	15	9
D293283997	劉怡正	90	18	5	9	13	14	6	10	12	7	3	8	20	4	2	19	17	11	15	1	16
F191054130	趙玲綸	75	14	20	4	18	5	19	16	12	13	2	3	6	7	10	8	9	11	15	17	1
E295990941	黃郁雅	79	3	14	12	7	2	19	10	11	18	9	8	13	5	16	20	17	6	4	1	15
A197495738	顏可弘	74	1	7	9	19	13	2	5	15	3	10	4	14	16	17	12	20	8	18	11	6
A292759220	謝于玟	73	17	15	16	5	4	6	18	12	7	8	10	13	11	14	19	1	9	3	2	20
G293587546	張成木	99	16	13	12	19	17	5	1	7	9	15	10	20	2	4	11	18	8	6	3	14
E199192001	許恆琴	88	18	3	11	4	20	6	15	9	19	7	8	17	13	12	5	2	1	14	16	10
H198311489	唐淑芬	71	2	18	7	8	6	10	15	13	19	16	20	1	17	3	9	4	11	5	12	14
D293088634	林安筠	70	18	1	5	16	12	9	20	8	6	4	13	7	17	19	3	11	2	15	10	14
G297068239	謝文恭	83	12	11	16	13	6	3	18	1	17	9	15	7	4	19	10	8	5	2	20	14
D197140599	黃志偉	88	10	1	13	3	20	19	16	12	8	18	15	4	2	14	9	7	5	17	11	6
E299019438	陳恆萱	79	13	1	14	10	20	19	4	11	7	16	15	9	8	6	17	3	2	5	18	12
B294208503	賴采真	86	15	9	18	14	6	5	2	19	13	20	11	10	1	4	17	3	8	12	16	7
A196060919	許芸萱	63	14	17	4	7	11	16	5	13	8	18	19	6	9	15	3	1	10	2	20	12
C296381775	林博芬	72	1	4	3	17	8	10	15	13	12	18	9	14	5	20	19	6	11	2	7	16
C197521771	林淑愛	85	19	8	6	16	4	11	13	7	3	17	10	2	5	1	15	18	20	12	14	9
B199835320	陳奕平	86	18	14	20	4	12	2	19	16	13	3	7	9	1	11	17	8	6	10	15	5
E193085034	盧欣怡	92	7	18	6	2	3	13	19	20	9	4	11	5	16	8	15	1	14	17	10	12
D298686274	吳貞蘋	85	16	9	11	3	19	4	15	17	7	2	20	5	12	8	18	14	13	6	1	10
E298559380	林育桂	77	18	3	11	10	19	16	6	14	2	20	13	5	7	4	1	15	17	12	9	8
F195706331	陳嘉怡	86	12	10	7	1	14	3	20	6	16	17	4	11	9	15	18	2	19	5	13	8
E192256744	吳宗茜	88	12	13	20	5	19	17	6	8	18	3	11	2	1	9	4	14	16	10	7	15
A196102574	杜勝恒	82	3	8	17	13	19	10	20	6	18	12	5	11	14	9	4	15	2	7	16	1
F192808249	陳軒天	82	19	18	17	12	13	5	1	15	11	14	6	3	20	9	2	4	8	16	7	10
E191294213	烏承賢	86	18	16	1	14	7	10	20	9	8	2	3	5	19	12	17	4	13	15	11	6
H297184293	李泓謙	96	8	2	15	11	12	13	9	14	17	20	5	16	3	10	19	18	1	6	4	7
D197741041	明偉倫	77	11	8	14	18	19	20	17	15	4	9	6	12	1	7	3	16	5	10	2	13
G295230559	張怡婷	72	10	7	19	3	16	20	13	14	6	17	9	2	12	15	11	8	4	1	18	5
C297923633	謝淳明	79	7	16	11	15	5	6	4	14	20	19	1	8	10	3	18	2	13	17	12	9
C299469356	丁博丹	95	14	6	20	19	9	1	18	17	4	2	5	11	15	7	3	8	13	10	12	16
B196577849	王碧雲	67	2	13	6	9	3	17	20	18	16	14	4	7	12	19	15	11	8	10	1	5
H198119823	張凱麟	70	18	8	11	4	1	7	15	10	6	13	5	12	9	20	2	19	3	17	16	14
G298556461	黃志翔	77	9	12	6	2	15	3	10	4	1	8	20	11	14	16	18	7	13	5	19	17
C192609994	蔡敏美	82	6	16	2	17	5	13	4	12	8	14	10	20	3	15	11	19	18	1	7	9
H194649893	彭玟延	72	5	12	19	7	14	9	4	10	18	2	1	11	16	15	20	8	13	6	3	17
D295373734	劉惠文	69	18	9	19	17	11	20	7	1	15	3	14	13	6	12	10	5	16	4	2	8
A294577744	陳惠如	87	6	16	15	7	3	18	1	20	2	10	14	11	5	13	12	17	9	4	8	19
A295360074	駱淑芬	85	4	3	11	6	8	18	15	10	9	7	13	20	17	14	12	5	1	19	16	2
E193647007	劉俊傑	66	2	4	13	15	18	9	8	14	16	10	6	7	11	3	1	17	5	19	12	20
E191692915	林秉勳	68	11	17	3	15	4	1	19	5	9	10	12	18	8	13	2	14	16	7	20	6
C195864853	黃馨伸	72	5	6	16	10	20	8	2	14	9	4	19	11	1	12	18	17	7	13	3	15
F193942311	王冠宇	100	10	8	4	20	14	9	3	15	16	19	13	6	12	2	7	11	18	5	1	17
F199201908	吳宛白	80	16	17	5	8	9	2	4	6	3	7	15	10	18	14	13	11	12	1	19	20
G298497412	李秀源	72	6	13	9	12	8	2	11	10	16	4	1	7	19	20	5	14	15	3	18	17
E291236133	陳怡文	78	12	4	14	5	9	10	8	18	6	11	1	17	20	3	19	13	7	2	16	15
F196179856	徐偉迪	71	16	5	10	11	20	6	9	8	12	15	1	17	2	14	19	18	4	7	3	13
D298496985	黎麗卿	77	9	19	18	2	13	12	5	15	6	3	20	17	4	11	7	10	14	8	16	1
A195541353	宋信豪	77	1	18	12	13	9	20	3	7	19	4	5	11	16	15	14	17	6	10	2	8
E191626975	林玉裕	76	17	11	4	15	20	2	14	19	18	5	6	10	16	9	12	7	1	8	13	3
F296625506	吳有瑞	78	6	2	16	3	4	14	20	5	10	18	8	15	11	17	19	12	13	9	1	7
F293472530	高康意	76	18	6	7	14	19	15	13	3	11	10	8	1	12	5	2	9	4	17	16	20
F295152700	李佩娟	76	13	6	4	16	9	5	17	11	7	2	15	19	8	20	18	10	3	12	14	1
D292061504	李冠伶	83	5	6	20	3	13	9	10	2	11	15	4	8	7	1	16	12	19	14	18	17
D192902982	賴韻如	75	6	1	8	2	10	7	20	5	16	19	18	3	4	17	14	9	15	13	12	11
G194271401	楊志遠	84	15	1	13	20	9	4	6	12	17	5	19	3	14	16	8	2	18	11	10	7
F297964128	田怡君	70	9	5	19	7	8	17	3	15	13	20	4	2	10	16	14	6	18	12	1	11
A197617903	郭家屏	71	2	17	4	11	3	19	9	13	6	18	20	12	5	8	16	14	15	1	7	10
F195422063	柯科美	88	3	20	7	18	13	15	17	9	12	2	1	16	19	10	8	11	14	5	4	6
C299881021	陳惠君	76	6	3	14	12	15	7	11	19	16	1	17	2	20	9	18	8	13	4	5	10
F293034576	黃榮娟	62	17	19	3	2	10	18	4	6	16	15	11	13	14	9	20	5	12	8	1	7
E192418593	王婷婷	90	14	13	12	17	7	15	4	2	16	1	10	18	3	6	11	9	8	20	19	5
F296682485	林玄聖	77	14	5	18	12	7	8	19	20	1	6	11	3	13	4	16	10	15	17	2	9
C194366894	王佳怡	80	19	5	17	18	20	15	14	12	16	10	8	7	13	6	3	9	1	11	2	4
A295805649	崔愛光	83	12	11	10	13	2	5	16	3	20	7	17	14	1	6	15	18	8	19	4	9
F292160362	邱漢華	78	12	8	16	6	11	1	19	13	17	10	20	7	14	9	18	3	2	15	4	5
E193554892	王喬中	78	3	17	20	6	2	10	16	4	1	11	13	9	8	15	19	7	5	12	14	18
E295562787	林宇韋	74	2	4	15	9	1	12	14	10	11	7	20	16	17	3	18	8	6	19	13	5
E197707308	蔡士豪	80	7	6	11	19	14	3	16	12	20	4	1	18	2	5	9	17	15	10	8	13
H197351854	蔡麗峰	87	4	15	14	1	19	11	9	2	12	6	13	7	17	10	20	8	16	5	18	3
G196549064	陳于婷	66	10	3	5	11	16	2	19	8	15	6	9	4	7	18	1	12	17	14	20	13
D297791383	黃昱行	85	5	17	19	12	4	3	20	2	11	1	14	10	7	13	18	15	16	6	9	8
G291966987	許孟璇	72	10	1	7	2	15	14	11	19	17	18	8	4	6	13	16	5	9	20	12	3
E196770343	許奕君	82	11	1	14	4	7	17	18	15	2	6	3	20	8	9	5	16	13	12	10	19
A194715368	林淑能	96	17	14	1	4	2	15	6	9	8	11	3	12	13	16	5	18	19	7	20	10
E191433569	諸祐順	83	5	12	10	16	9	18	1	4	8	2	11	13	17	6	14	15	7	19	20	3
D195819591	黃文沛	77	1	5	6	12	16	2	19	17	15	8	11	10	20	18	13	7	3	4	14	9
H193513090	盧岳紹	85	8	19	12	3	9	5	16	6	13	11	10	2	1	7	20	15	14	17	4	18
F291215279	王秀慧	91	16	19	15	3	14	4	9	7	11	12	18	10	20	8	1	6	17	13	5	2
G293484059	林宗儒	68	11	3	15	14	9	6	7	20	16	19	10	13	4	8	1	12	2	18	5	17
D197370711	蔡冠伶	99	19	11	6	12	1	4	14	2	17	20	3	18	7	10	13	5	16	8	9	15
E298436104	蘇祐貴	83	8	10	6	7	12	5	14	18	19	15	1	20	9	11	13	2	3	17	16	4
G299822660	王喬育	88	19	12	6	18	16	4	15	1	20	9	7	14	8	11	3	13	5	17	2	10
B294172508	黃詩雅	83	16	8	18	20	13	7	10	12	19	11	17	14	15	4	1	9	3	2	5	6
B299516742	邱薇啟	70	16	9	11	12	8	13	6	20	1	7	19	18	10	5	4	3	17	2	15	14
F198446074	朱立偉	71	14	13	5	18	15	2	7	8	20	19	11	4	6	1	12	3	10	16	17	9
C295273514	黃燦財	74	15	5	9	13	11	7	16	1	12	19	2	4	14	10	18	8	3	6	20	17
C199090680	劉育淑	83	5	16	15	6	13	2	1	20	18	9	14	3	7	11	19	12	17	4	10	8
H294141045	黃淑婷	71	8	15	12	18	20	5	16	13	14	3	7	11	19	2	1	10	17	4	6	9
B297036321	陳雅茹	85	6	4	14	2	8	17	16	13	5	7	10	3	18	9	15	11	19	20	1	12
A296036442	李俊原	71	19	1	17	7	11	4	16	18	3	12	15	6	2	9	14	5	8	10	20	13
F197024725	吳佩軒	90	13	4	15	11	3	7	18	19	8	14	20	1	10	16	9	5	17	6	2	12
D291119190	林雅珠	84	1	14	13	5	11	10	12	6	17	8	3	15	19	4	9	18	7	20	2	16
D191828754	謝義添	64	4	2	15	5	3	17	1	13	19	18	16	7	8	14	20	9	12	11	6	10
D194289026	張瑋山	100	1	12	6	8	9	11	14	15	17	4	7	19	3	13	20	2	5	18	16	10
E293854666	戴鴻如	86	5	13	18	2	4	11	16	14	9	3	20	10	15	19	8	12	6	7	1	17
C299127764	許瑞盈	87	4	5	13	18	12	6	10	9	14	16	15	2	19	8	20	11	17	1	3	7
D193010018	陸子豪	75	20	19	5	2	16	6	7	14	8	12	17	4	1	9	3	18	10	13	11	15
F298426949	陳淑娟	77	4	17	10	13	8	19	20	15	1	12	18	2	14	7	6	11	5	3	16	9
C198525531	瞿俊賢	62	11	5	7	9	12	13	18	17	19	4	8	20	15	6	10	3	14	2	16	1
F194865028	顏小妃	64	17	5	18	14	7	13	1	2	16	6	20	8	15	12	4	10	3	19	11	9
F198776193	劉俊明	70	6	9	16	8	13	17	14	19	12	7	4	5	15	20	18	11	3	2	1	10
C293554016	劉怡靜	73	17	2	11	4	15	3	14	9	7	1	10	5	6	8	13	19	16	12	18	20
B296570075	李彥璋	92	19	16	14	10	17	20	9	6	1	8	15	12	18	4	5	11	2	13	3	7
D297774088	曲俊男	75	16	5	15	8	2	10	13	12	18	6	11	17	19	1	4	9	3	7	20	14
E197702189	孫曼恒	83	1	19	12	4	16	10	6	18	3	14	7	9	20	15	11	13	2	17	8	5
F195882701	陳佳良	80	9	3	2	18	17	5	13	8	15	1	10	12	16	6	11	20	14	4	19	7
H297327690	鄭孝容	86	2	4	9	14	5	12	15	13	17	1	3	18	10	7	16	20	6	19	11	8
A292426600	許怡欣	89	20	8	11	12	4	19	17	5	1	16	14	18	6	9	7	10	3	2	13	15
B196914271	李佳毓	84	19	13	18	9	8	17	20	14	11	3	6	7	15	4	1	10	16	5	12	2
H291399110	劉冠輝	93	6	5	7	13	15	2	20	12	19	10	8	18	14	3	1	11	16	17	4	9
F197298065	王智山	86	15	8	16	4	1	19	7	11	17	20	13	5	9	12	18	10	6	14	2	3
G296200180	張豐延	66	6	9	20	7	11	14	15	13	18	3	2	10	19	1	8	17	4	16	12	5
F195471842	李尹勇	83	15	6	4	10	1	20	2	14	19	8	12	17	16	3	5	11	18	9	13	7
A198155537	李宜盛	75	7	8	5	16	4	20	2	9	14	12	6	19	10	1	18	17	3	11	15	13
D291229299	黎國中	81	20	4	7	15	19	18	11	5	14	6	16	9	17	12	10	1	8	13	2	3
E196050515	吳家良	74	11	8	5	3	14	15	9	4	17	16	7	2	12	19	1	13	6	20	18	10
F193413735	李政宇	98	5	6	10	8	15	11	14	7	13	2	3	1	18	4	9	16	20	12	19	17
G195304945	吳慧中	82	4	16	11	12	17	10	8	6	5	20	1	13	18	19	9	7	14	3	15	2
C298832882	王寶原	72	13	2	10	16	11	15	14	19	4	9	20	17	3	6	12	5	8	7	18	1
F297623613	倪舒婷	77	13	9	17	2	3	1	15	6	18	12	7	4	11	16	8	14	19	20	10	5
C295910227	林秀念	77	12	1	6	17	14	18	11	3	7	8	19	13	2	4	16	9	10	15	20	5
B295829364	姚聖凱	82	18	15	1	17	8	3	13	4	20	2	9	5	10	12	7	16	6	11	19	14
B291123496	楊緯紫	84	4	11	12	6	17	18	7	19	14	1	16	15	9	3	8	13	2	5	10	20
B195839939	姜揚枝	71	3	15	5	6	2	13	17	1	19	11	16	7	10	12	8	20	4	14	18	9
H295866185	時淑火	97	4	16	15	11	1	13	8	18	2	14	7	6	5	19	10	20	12	3	17	9
C193201090	許惠淑	76	16	17	11	6	3	10	18	19	9	12	8	15	2	13	1	20	5	14	4	7
C296299870	陳思宸	97	15	18	4	2	5	13	7	14	8	16	3	10	17	1	20	19	12	6	11	9
C291633201	陳雅娟	81	5	3	8	20	14	13	1	16	11	9	10	15	2	12	4	18	17	19	6	7
A295632253	陳昱城	83	11	20	1	6	19	5	7	12	9	8	16	13	3	10	17	18	4	15	14	2
G191870617	許淑吟	83	7	9	5	20	19	12	3	2	17	18	8	6	4	10	16	1	15	11	14	13
H296041404	錢育瑋	83	4	1	3	5	20	15	2	7	8	14	10	16	19	11	12	9	13	17	6	18
H295972982	陳士羽	94	18	6	4	9	7	20	2	13	16	14	8	15	17	12	3	5	10	19	1	11
G191940598	沈丹群	70	19	3	12	17	11	15	18	10	2	8	13	14	16	5	1	20	6	4	9	7
D199925714	賴昇延	80	5	17	2	6	18	15	20	16	7	19	12	3	1	14	11	8	10	13	9	4
A194588709	李怡佳	81	15	1	2	16	20	7	5	3	18	12	17	4	11	19	13	9	6	10	8	14
C197474286	林江韋	80	6	4	17	2	12	10	3	20	16	18	1	11	7	19	8	15	13	5	14	9
A295279283	吳豪勇	82	10	11	4	19	8	16	2	6	17	13	1	7	18	15	14	3	12	20	9	5
A198562532	李淑貞	95	14	12	8	4	19	1	16	7	17	5	6	15	18	13	3	20	9	2	11	10
F197946879	林淑芬	76	15	18	12	11	7	9	13	17	3	5	6	19	4	10	14	8	2	16	20	1
C191204271	周俊翔	95	2	11	7	15	13	17	16	12	1	19	4	14	9	3	8	6	18	20	5	10
D195375781	賴睿誠	100	20	12	19	17	9	14	18	1	3	16	11	6	13	4	8	7	5	10	2	15
A292658862	盧思豪	98	4	12	15	7	3	8	11	2	16	17	5	19	20	14	10	18	9	1	6	13
D299704413	洪昱廷	75	13	1	19	17	8	9	18	11	10	14	7	20	5	3	4	6	15	16	12	2
C193461041	蔡俊廷	79	17	20	16	9	14	7	5	13	1	12	18	4	11	19	3	6	10	2	8	15
A295450019	王秀行	80	10	11	1	19	6	15	4	20	8	7	3	13	9	12	18	16	5	2	17	14
C198838042	呂崇航	61	7	2	19	11	6	13	20	18	17	12	9	10	1	5	4	15	8	3	14	16
D297991785	林鈺亨	60	7	17	12	10	8	4	9	13	11	3	1	2	16	6	14	19	5	18	15	20
E193464044	葉孟穎	77	11	9	1	7	13	14	16	19	6	8	10	4	3	20	12	5	17	18	15	2
E197681818	林怡博	70	1	18	10	6	2	16	13	3	14	7	4	11	17	15	9	8	20	5	12	19
A192091356	王玫蓉	89	8	14	16	10	5	15	18	1	12	19	20	13	9	6	17	4	7	3	2	11
E298788032	林堅佳	74	9	7	20	10	17	16	1	8	13	4	15	19	2	6	14	12	11	18	5	3
F196121930	劉怡如	97	19	16	3	2	11	5	10	14	4	7	9	17	6	1	20	8	12	18	15	13
G192184236	羅鎮輝	94	7	16	4	14	19	2	9	6	20	3	18	11	13	8	15	12	1	5	10	17
E297039343	陳品倩	88	20	13	3	10	4	9	11	12	2	8	1	15	5	7	14	16	18	6	17	19
E296538132	袁京哲	79	14	10	16	9	7	6	12	17	18	20	3	11	2	15	13	19	1	5	4	8
A299816086	鄭冰全	80	7	13	9	18	8	19	11	1	5	12	4	17	16	3	2	15	14	10	6	20
F193685375	張慧茹	74	15	20	2	13	10	6	5	17	1	9	14	11	3	16	12	18	4	7	19	8
H294627175	黃文修	96	20	2	18	10	1	5	11	6	16	17	15	14	19	12	9	7	8	13	4	3
F199920015	曾裕翔	76	8	18	11	12	19	4	1	3	9	16	10	14	13	6	2	20	7	5	17	15
F294202961	陳民星	74	11	17	6	14	1	2	12	8	3	9	10	5	4	18	13	15	7	19	16	20
F191007337	劉鈺婷	82	13	3	10	8	5	18	4	16	15	12	19	17	2	14	20	6	9	11	7	1
H197629231	黎佩君	88	9	10	20	8	5	3	15	6	16	13	2	19	7	11	14	18	12	1	17	4
A291625770	孫韻如	65	2	3	15	4	16	18	10	8	19	14	13	6	11	9	20	5	12	1	17	7
D292319710	楊淑婷	71	17	4	8	13	20	15	14	19	10	18	2	11	1	16	6	9	3	12	7	5
G293299443	高孟君	97	11	14	2	15	3	18	12	5	17	9	6	1	19	16	4	20	7	13	10	8
F191567598	陳旭茵	71	8	14	11	12	10	7	19	1	18	17	9	13	15	3	6	20	4	5	16	2
D194085591	李志成	90	1	2	5	14	15	19	16	20	9	7	8	13	6	10	3	11	18	12	17	4
A197060226	黃淑貞	84	13	9	4	11	16	15	2	20	12	19	8	14	6	18	1	10	3	5	17	7
F197421322	蘇珍康	81	13	7	4	9	16	12	10	8	1	19	20	17	15	2	18	11	14	3	5	6
D192671820	陳冠旭	79	8	1	11	13	4	2	12	17	9	20	10	16	18	7	15	14	5	6	19	3
A194597191	張宗翰	88	19	11	2	13	16	18	12	17	14	20	10	4	6	7	9	1	15	3	5	8
C296364505	林柏宏	77	11	20	7	3	17	8	15	12	1	2	18	5	10	6	16	9	4	19	14	13
A196049705	許子春	93	17	13	10	3	6	15	16	1	11	4	8	12	9	2	20	5	14	7	18	19
H193455548	林彥香	75	6	3	4	15	8	12	11	10	13	17	16	5	2	7	19	9	18	14	1	20
F299179958	陳柏聖	70	16	11	14	4	9	8	12	17	2	20	5	1	13	10	15	6	18	7	19	3
H291605042	謝淑芳	89	7	2	1	16	13	12	20	15	8	3	17	5	6	4	9	11	10	14	18	19
B294725876	何婷正	61	10	18	2	20	11	14	5	15	19	8	1	13	12	17	3	6	7	4	9	16
F194387289	孫美慧	88	15	8	11	12	3	19	4	17	9	2	20	7	10	5	18	1	6	14	16	13
E292924418	楊志強	80	3	15	4	9	13	17	16	1	5	19	14	2	18	7	6	11	8	20	10	12
C297526938	陳政成	70	20	16	12	17	10	13	6	3	19	4	14	11	8	1	5	18	2	7	15	9
A198103033	吳孟修	88	10	15	2	7	18	5	13	19	14	9	1	12	20	8	16	3	11	17	4	6
E297318045	陳倫妍	76	11	12	7	18	14	4	16	6	2	8	10	13	20	19	15	5	9	3	17	1
B297372000	蔡凱婷	75	8	2	17	10	15	3	19	11	18	12	6	16	5	9	1	14	20	13	7	4
D292105029	李珮誠	74	2	4	11	1	5	17	6	7	18	9	19	20	13	14	3	15	16	8	10	12
F298145216	鄧佑霖	67	3	10	17	12	15	16	18	20	13	5	9	1	7	19	4	6	8	2	11	14
D196752737	邱佩珊	61	10	1	12	8	7	17	14	16	20	6	11	15	2	3	18	19	9	5	13	4
C192783557	陳佳伶	84	5	8	10	9	13	16	15	11	3	19	17	18	14	7	2	6	20	4	1	12
E195171748	張怡婷	73	4	5	10	9	20	16	12	17	18	14	6	19	13	15	11	2	8	7	1	3
G194429514	胡靜如	86	10	15	2	14	11	19	4	3	20	7	13	8	9	1	12	17	6	18	16	5
D193851902	蘇亭啟	87	3	13	1	15	8	6	10	14	5	12	4	9	2	18	19	11	17	20	7	16
B294470465	杜惠珠	95	3	4	20	19	14	10	9	8	17	1	16	12	15	7	5	11	2	6	18	13
E291037998	吳俊純	70	6	20	10	12	14	1	9	13	19	3	18	16	17	5	2	11	15	8	7	4
A198634962	陳新月	65	9	6	11	20	4	15	19	16	8	12	10	17	18	7	5	2	1	3	14	13
C298664839	洪伊韻	76	17	3	13	8	5	4	1	9	12	18	16	7	11	15	2	14	20	19	6	10
A291765797	李明其	87	10	20	3	8	12	6	5	7	17	19	18	13	2	16	15	14	1	4	11	9
G193108034	陳怡萱	90	13	8	6	1	9	15	19	14	7	5	11	4	17	3	20	16	10	2	12	18
C194778901	黃彥伶	77	11	1	9	12	8	4	13	3	2	19	10	15	16	7	5	6	14	20	17	18
A294066764	柳春欣	95	5	7	17	18	19	10	20	11	13	4	16	15	3	9	12	6	2	1	8	14
E298878899	楊曼瑞	74	6	4	1	14	8	17	15	20	11	5	9	12	2	7	16	13	3	18	19	10
E192889949	蘇雅辰	86	12	17	1	19	7	20	5	2	6	8	4	18	16	11	13	3	14	9	10	15
A295417005	鄭麗軍	67	11	18	3	4	9	17	16	6	7	12	8	14	2	15	10	5	13	19	1	20
D297117574	林嘉湖	91	17	3	11	5	4	19	20	1	14	2	6	18	16	10	15	7	13	12	8	9
A293529548	郭雅鑫	88	12	7	16	3	20	9	18	13	6	14	2	10	19	8	5	15	17	11	4	1
C191366052	劉淑玲	71	3	5	4	14	8	20	2	16	6	18	17	1	11	12	15	13	19	9	10	7
E295894462	郭佳欣	86	4	19	1	14	3	7	10	9	18	15	12	8	13	17	6	16	2	20	5	11
G199063383	黃國心	76	12	9	10	6	13	2	4	15	3	5	8	1	18	16	20	7	17	11	14	19
H197395767	吳冠雪	73	19	16	10	5	1	20	15	11	7	13	6	9	8	17	18	4	14	2	3	12
F296388188	吳明惠	75	12	4	14	15	7	8	10	6	9	2	17	3	20	11	1	18	5	19	13	16
F198463600	曾俊吉	83	6	2	1	11	14	20	10	18	5	12	9	15	8	17	4	7	13	3	19	16
F293719403	蔡智偉	100	5	7	15	19	6	18	11	14	4	8	9	13	16	3	17	10	12	1	20	2
G194534976	詹孟儒	99	19	4	9	5	13	3	7	11	12	16	15	8	6	18	10	2	14	17	20	1
F299167332	陳懿佐	81	19	12	7	14	6	2	1	9	10	13	20	4	5	15	8	11	16	18	3	17
D299621473	蘇浩胤	69	5	10	1	8	13	6	2	18	3	17	11	19	20	14	16	15	9	7	4	12
C195474126	曾芃屏	78	5	15	10	18	14	11	9	2	12	7	19	13	17	3	16	1	4	20	6	8
H293392459	吳任苓	79	8	20	4	7	10	9	5	18	2	13	16	15	3	17	11	14	12	6	19	1
D295711976	鐘淑珍	87	16	2	9	14	20	11	19	5	4	7	15	1	10	6	3	13	17	12	8	18
D291937438	沈其綠	66	10	16	12	4	15	17	11	18	2	6	20	13	8	5	19	14	9	7	3	1
F197705681	王郁婷	76	12	17	11	18	20	14	15	13	3	9	1	8	19	5	10	4	16	7	6	2
A299684986	楊淑育	72	11	10	5	6	2	17	9	19	15	13	8	20	16	7	14	3	1	18	4	12
A194728767	王思婷	98	18	17	8	5	19	11	20	10	4	16	15	9	14	3	7	6	12	1	2	13
B194490072	張妍堅	65	1	19	14	4	2	13	9	6	16	18	15	10	5	8	7	3	20	17	12	11
C196698059	張伶政	71	7	11	12	17	1	8	20	2	14	19	6	15	10	13	16	3	5	4	9	18
G294156938	陳英傑	88	9	11	8	6	15	18	20	13	10	2	5	14	19	7	16	12	17	1	3	4
F299772208	黃政儒	62	1	11	5	6	12	9	13	4	16	10	20	8	14	15	2	18	19	17	7	3
A192106932	林益燦	71	18	11	2	8	20	13	3	17	10	14	16	7	15	12	5	9	19	6	1	4
D194382380	許和容	62	18	7	15	16	14	5	4	17	1	2	12	8	3	13	9	10	6	20	11	19
C294943151	蘇珈文	70	10	11	3	12	5	2	1	13	7	6	9	14	8	15	17	20	19	16	4	18
D299195674	王郁佩	76	4	11	5	6	10	15	3	17	16	7	20	1	12	8	18	2	14	13	19	9
H195193612	唐湘維	66	14	16	10	20	4	18	7	3	11	12	6	19	17	8	2	9	15	1	5	13
E194212204	林晏能	79	9	14	11	6	18	5	19	2	12	8	13	15	20	17	3	7	16	10	4	1
D192245820	耿啟順	73	13	8	7	2	10	4	3	18	20	16	9	1	17	11	19	15	14	5	6	12
H196292865	賴佩芬	92	7	20	13	19	9	15	2	4	14	6	5	11	17	3	18	8	12	16	1	10
D194748002	許慧婷	90	14	9	13	10	6	7	15	16	20	3	1	17	5	18	19	8	2	11	4	12
A192365511	蔡士鑫	93	17	4	12	10	11	16	13	1	20	18	9	14	3	5	19	15	2	7	8	6
E292220371	吳思貴	91	4	9	11	17	12	3	15	19	5	10	6	14	13	2	20	16	7	1	18	8
C191127788	王方來	90	10	12	5	19	20	2	14	9	1	16	6	8	11	15	7	4	18	17	3	13
F198401860	秦明憲	61	2	4	8	7	13	15	5	20	16	19	12	9	1	6	3	18	11	10	17	14
A294212060	陳政喜	83	3	10	17	19	12	6	14	5	20	18	2	13	7	16	9	15	4	11	8	1
H299103456	程瓊慧	91	13	7	4	15	3	1	12	20	17	5	10	16	14	18	8	11	6	2	9	19
F299953669	林靜如	84	19	18	2	6	5	1	8	15	11	3	13	7	9	12	17	16	10	20	4	14
E192807107	賴蘭定	64	2	20	3	17	15	4	13	5	14	8	9	10	16	7	11	18	19	6	12	1
C195237954	蔣士哲	87	13	14	3	12	18	4	17	8	10	15	1	5	11	20	7	9	6	16	19	2
A296078664	王智音	62	11	1	4	9	2	15	13	6	16	5	7	8	12	3	10	17	14	18	20	19
H198468054	藍仰岳	72	13	12	1	18	17	2	7	10	5	4	20	14	15	9	3	6	11	8	19	16
D197145834	鄭吟邦	79	9	18	4	20	17	2	10	6	5	7	15	3	14	12	16	19	8	1	13	11
H198383672	鄭琬燦	92	10	20	13	3	17	12	4	19	2	7	11	14	18	8	6	5	1	15	16	9
F297772059	趙裕仁	91	12	15	20	16	2	11	3	9	13	8	7	10	1	6	18	14	19	5	17	4
H199894414	陳禹祥	98	7	12	18	16	1	9	11	13	6	14	5	20	19	10	2	17	8	4	15	3
C195612386	李雅慧	80	13	5	1	14	3	2	19	11	10	4	20	7	6	9	18	12	8	17	16	15
E294252951	謝向彥	83	6	15	12	10	2	20	18	5	16	19	7	17	4	13	1	3	8	11	9	14
G293826753	葉佩珊	74	9	20	11	18	5	8	12	2	13	7	15	14	1	17	3	16	10	6	4	19
B297503765	吳柏菱	80	3	4	1	2	18	7	8	19	13	5	10	16	9	6	17	11	15	14	12	20
E295184827	牛小恭	66	11	3	20	17	9	7	15	8	16	5	1	14	18	13	2	4	10	12	19	6
D194423993	吳文海	97	13	1	4	18	2	11	10	17	16	12	19	14	7	5	20	8	3	15	6	9
C298607870	林瑜白	79	1	7	15	17	10	8	18	5	6	14	4	19	9	12	2	16	13	20	3	11
C195697496	張大鈞	72	15	14	12	3	5	20	17	9	16	4	18	19	2	8	11	7	1	13	10	6
B299040225	黃美任	66	5	10	4	3	11	2	14	12	17	19	15	9	7	18	6	8	20	16	1	13
B197403151	吳信雯	87	20	9	7	18	5	6	8	14	11	2	13	16	15	19	10	17	3	4	12	1
A292074491	吳育維	70	19	20	13	11	7	2	3	15	12	14	1	16	8	9	17	4	10	5	18	6
G193733653	陳姵隆	76	17	15	5	16	7	14	4	6	9	1	12	19	8	3	18	20	13	2	11	10
E295356690	楊雅玲	83	19	15	11	14	3	4	10	5	9	18	13	6	1	2	8	12	16	20	17	7
C199070866	陳穎卉	67	12	9	19	13	3	1	11	8	7	6	17	15	20	16	10	18	5	14	4	2
H298594015	鄭韋水	76	8	5	1	16	19	3	7	12	20	14	9	17	15	11	10	18	4	6	13	2
C199628228	蔡哲瑋	66	15	7	17	2	5	6	1	13	8	16	18	11	3	10	19	20	12	9	14	4
F197444674	陳明憲	87	6	12	4	13	19	15	8	5	18	9	17	2	20	16	14	1	11	7	10	3
D295297962	周怡宜	94	4	1	8	16	6	9	7	14	2	18	5	17	12	10	20	15	19	3	11	13
C199563624	李俊妤	91	9	17	20	6	12	14	1	16	18	4	19	13	3	15	7	5	11	2	8	10
D293604094	陳玲夫	93	16	10	3	17	18	2	4	1	15	6	20	14	19	8	5	13	12	11	9	7
A196769248	蔡宜芳	68	20	12	18	5	2	15	16	3	7	19	1	10	11	4	8	6	17	9	13	14
F199416829	張鈞意	89	14	8	5	3	9	19	18	11	7	13	16	20	2	10	17	12	6	1	15	4
G198297198	晏人岳	62	17	5	9	18	6	13	3	2	1	14	20	16	19	11	4	10	12	8	7	15
E198712349	杜美玲	75	4	19	11	12	1	5	9	17	13	2	14	6	8	10	16	3	20	18	15	7
H191612509	李佩蓁	79	11	17	4	15	16	20	18	10	12	5	2	1	19	3	6	8	14	7	9	13
H292027837	劉怡芷	66	7	5	8	17	14	10	4	15	16	12	18	19	1	6	11	9	13	2	20	3
C195213267	呂婉玲	76	12	19	5	1	3	8	6	15	2	13	10	17	9	16	20	7	4	18	14	11
A298626784	李靜宜	94	11	8	4	19	18	15	6	17	5	7	13	16	20	10	12	14	9	3	1	2
C296753271	蔡欣怡	99	7	6	16	3	11	4	10	17	9	2	15	20	19	18	1	8	14	13	12	5
C195721497	蔡珍卿	86	12	4	3	15	10	6	14	1	2	19	16	8	7	17	18	13	11	5	20	9
A296196658	張鈞書	83	16	2	4	13	12	7	11	14	10	1	15	3	17	19	8	18	5	9	6	20
C198502618	林明幸	75	13	20	15	4	7	19	8	6	10	14	1	3	2	17	18	11	9	16	12	5
A196140083	劉怡旺	93	7	2	16	14	8	17	10	4	13	18	12	15	11	19	5	6	1	20	9	3
E294465065	陳肇昌	86	8	12	20	11	13	3	16	4	9	14	1	10	7	5	2	18	15	19	17	6
C299345771	許喜江	63	17	4	11	9	16	13	1	5	2	14	10	15	7	12	3	20	18	19	8	6
B194468669	鈕淑玲	76	6	10	4	12	7	19	5	2	15	8	20	18	13	1	14	17	3	9	11	16
H294470578	蔡小文	64	7	6	18	13	15	14	11	1	2	20	17	16	3	8	9	4	5	10	19	12
G192426060	劉政儒	83	20	4	2	18	16	12	9	15	6	5	13	8	14	1	7	17	19	11	3	10
D193426749	劉佳修	70	20	10	13	6	16	12	15	17	19	5	18	4	7	9	2	11	14	3	8	1
E193442762	陳旺岑	84	3	4	6	2	14	13	8	17	12	20	11	1	16	9	19	15	5	18	7	10
C191528196	陳美忠	73	14	9	12	2	3	17	10	4	18	6	15	16	19	1	5	8	13	20	11	7
A192793533	陳紫筠	73	5	7	13	4	9	16	12	10	15	14	19	18	2	17	1	6	3	20	8	11
G299673078	吳佩元	83	11	19	3	6	4	18	16	7	2	5	12	17	8	14	20	15	13	9	10	1
G197053085	楊瑋維	76	15	16	7	14	8	9	17	5	12	3	13	1	10	4	2	19	11	6	20	18
B194938442	林俊宏	95	13	8	2	12	6	14	18	5	20	10	7	11	15	4	9	1	17	16	19	3
D292633420	周東琪	88	20	1	17	18	14	10	4	2	13	5	15	12	7	3	11	19	9	8	6	16
H293450027	林宜霞	83	17	4	15	11	8	10	16	12	18	5	3	20	14	7	6	2	1	9	19	13
C191447392	林軒燦	71	6	5	4	11	18	3	16	10	13	2	17	20	9	8	15	7	19	1	14	12
D198034474	徐柏勳	72	17	9	13	2	10	19	20	5	15	16	11	6	7	14	4	1	12	18	8	3
F293685902	黃淑貞	96	3	18	13	11	14	2	7	20	1	4	8	5	19	9	17	6	12	15	10	16
C294138490	葉建宏	76	1	17	11	18	8	19	7	3	12	16	2	15	4	9	13	5	10	6	20	14
G191034666	林文祥	80	12	19	18	13	20	1	3	2	7	15	8	6	5	16	9	14	4	10	11	17
B193607448	陳志強	75	14	9	18	20	3	11	15	13	17	7	19	4	2	5	1	8	12	10	6	16
B291469666	謝康順	71	2	11	19	13	3	9	6	5	20	7	4	12	14	10	17	16	15	8	18	1
B291243671	李鴻善	94	10	19	4	6	20	2	18	12	9	5	16	15	14	11	7	13	1	3	8	17
C199319055	李歡函	90	20	18	13	10	7	19	4	2	15	12	17	16	8	11	5	14	9	3	6	1
H192694783	顏昭倫	85	15	5	19	1	2	10	14	7	17	8	9	11	6	4	13	16	3	20	12	18
E294568490	陳怡禎	96	5	14	11	1	13	4	7	20	8	16	18	17	9	19	3	15	10	2	6	12
C197175288	蔡明雲	70	11	20	3	17	16	1	4	10	13	14	19	18	5	15	2	6	9	7	8	12
C294442524	黃冠雅	92	17	18	11	1	10	3	19	20	2	15	13	8	4	6	7	5	9	12	16	14
E191759764	宋善喬	100	7	8	10	16	11	13	18	14	3	9	6	4	19	15	12	1	2	5	20	17
D192863837	杜妍青	83	9	8	17	15	4	2	16	19	14	11	18	20	3	7	10	6	13	5	1	12
H197589554	蔡冠傑	90	18	9	14	17	8	1	11	5	16	7	4	10	20	15	13	12	6	19	2	3
D191616923	袁曉萍	81	7	4	9	13	15	3	2	11	20	12	5	1	8	14	18	16	17	10	6	19
H295626038	林雅貞	73	19	11	6	16	3	17	5	14	13	9	20	10	4	7	2	18	8	1	12	15
F198230263	蔡宜孝	77	7	18	5	8	12	14	19	4	10	6	9	13	3	16	20	11	2	1	17	15
F296347641	李志明	71	8	12	7	6	19	2	10	4	17	18	5	16	13	15	14	11	1	9	20	3
B197786422	謝喜以	70	13	6	8	9	10	7	18	1	12	5	15	2	4	3	20	16	11	17	14	19
H191416561	涂艾欣	72	2	12	17	7	13	8	9	1	4	16	5	19	11	18	3	15	10	20	6	14
F197846785	張俊吉	72	14	4	15	17	3	7	5	10	19	16	11	6	20	2	1	13	8	18	9	12
F191156166	潘俊賢	77	16	19	10	8	20	4	11	18	17	14	9	6	1	3	7	2	12	13	15	5
C198296375	朱嘉偉	82	4	2	9	3	18	6	13	19	16	17	8	10	7	1	12	15	20	14	5	11
G199109697	王淑珍	87	6	10	15	2	18	8	1	4	17	20	5	9	7	11	16	14	19	13	3	12
B293829035	劉思涵	81	19	20	14	13	5	10	2	15	17	18	12	8	3	1	4	7	16	6	11	9
D293508784	劉鴻芝	72	9	11	4	13	16	3	14	19	12	17	5	15	10	1	18	7	20	2	8	6
H293461511	賴家瑋	69	18	7	10	13	1	8	4	16	2	3	15	20	9	12	5	19	17	14	6	11
C197084362	王宜靜	77	18	1	15	20	9	13	5	7	2	12	10	11	16	3	8	17	19	14	6	4
A296228182	吳玟政	72	6	10	9	7	11	14	4	19	20	16	8	3	18	12	1	5	17	2	15	13
H297511656	吳秋音	97	10	13	16	14	18	19	7	5	15	9	20	2	3	17	11	12	4	1	8	6
G295433238	曹政哲	79	9	16	2	12	3	13	18	7	20	8	1	10	14	11	5	19	4	15	17	6
H196474223	林晏伶	89	16	2	8	13	1	3	14	9	19	20	15	17	5	12	7	11	18	4	10	6
A192240788	徐為娟	78	20	4	2	17	16	15	19	12	6	9	11	1	14	10	3	7	8	18	13	5
G298363591	郭怡和	85	17	7	20	12	5	18	11	19	15	14	2	10	3	13	1	16	6	4	9	8
E293108061	尹漢佐	78	10	11	19	2	18	15	8	16	9	4	5	7	20	3	12	6	14	13	17	1
H194040612	姚常宇	70	11	9	19	14	3	7	8	12	2	15	6	13	5	10	4	17	16	18	20	1
D193634483	鐘智傑	73	8	16	9	19	6	2	12	15	10	18	4	17	11	7	5	13	1	3	20	14
C298961164	陳嘉宏	69	18	13	11	7	2	17	4	14	6	20	1	3	16	12	5	8	15	19	9	10
D193169043	阮伶智	68	13	10	17	1	19	4	12	18	9	16	6	5	15	8	11	2	20	14	3	7
G296693167	林建純	73	17	11	9	7	20	6	10	1	16	5	2	15	3	4	8	12	13	19	14	18
A292318103	顏俊維	86	7	15	16	20	12	10	5	3	14	1	17	13	4	6	19	8	2	18	9	11
C191129095	孫湘彬	66	3	10	1	19	18	2	5	14	6	17	4	13	15	12	7	11	16	8	9	20
B292156408	盧智文	87	11	7	10	5	17	16	12	14	2	15	4	8	1	3	13	20	18	6	19	9
G196976525	周允信	78	14	11	9	4	8	18	1	17	16	2	6	5	7	20	13	19	10	12	3	15
G196033892	王欣怡	100	7	10	13	2	6	11	3	8	17	9	18	20	19	5	15	16	14	1	12	4
A294662391	鄭慧玲	75	12	17	9	3	16	7	18	14	4	6	13	10	15	11	5	20	8	2	19	1
A293426113	吳昕蕙	82	9	8	18	6	3	12	17	19	11	10	1	2	15	13	7	5	16	14	20	4
C295758576	林菁樺	65	18	19	12	8	14	4	10	20	7	5	11	15	6	1	16	13	17	9	2	3
D299176204	陳善全	89	10	18	6	12	13	15	17	9	7	16	3	14	20	4	1	8	2	5	19	11
E198920350	李胤法	78	20	8	3	11	17	19	2	10	7	5	4	13	1	18	9	16	12	14	15	6
A297540543	李嘉文	91	10	8	14	20	4	1	5	18	12	2	7	19	15	9	16	17	11	6	13	3
H199445984	賴敏琦	61	20	7	1	16	15	5	14	3	17	8	12	6	10	18	2	11	13	19	4	9
C292558994	陳銘蓁	82	6	3	13	16	5	19	1	17	12	9	10	2	20	15	4	8	18	11	14	7
C198469930	黃政元	73	15	20	5	4	17	1	18	14	11	6	13	12	8	10	9	19	3	7	2	16
D191897857	郭皓山	79	19	13	12	17	4	2	15	1	16	3	11	14	7	6	8	5	20	9	18	10
H191086438	陳耀中	90	6	20	1	15	10	11	9	14	5	12	18	4	19	16	3	2	7	8	13	17
B196507696	張雅雯	95	17	15	2	18	14	9	3	12	13	4	8	19	16	6	11	10	1	20	5	7
G195175793	裴國維	77	3	5	20	1	17	7	8	11	12	19	9	10	6	2	16	13	15	14	18	4
G298995511	蕭彥霖	77	10	19	20	6	17	16	9	12	1	5	4	7	8	14	13	15	3	18	2	11
G195822411	蔡筠祥	76	19	2	5	17	4	12	11	16	8	20	1	15	9	6	7	3	18	13	10	14
A295500345	巫育萱	69	4	19	14	13	12	1	8	7	6	5	2	10	16	17	9	18	11	3	15	20
G291211469	李堯卉	89	20	15	19	4	6	5	16	9	2	13	10	12	3	1	18	17	7	14	11	8
E191338587	張淑芬	66	1	11	7	5	19	14	6	3	15	10	12	20	2	17	9	8	16	4	18	13
D293186297	羅怡伶	72	12	9	13	2	14	11	19	8	1	18	10	16	6	17	3	7	15	20	5	4
B194747905	陳石紋	81	11	2	14	8	3	12	5	15	4	17	19	7	13	9	6	10	20	1	16	18
E194793928	陳品修	85	18	1	5	6	3	2	4	12	13	7	20	10	11	15	14	17	8	19	9	16
H191785712	許佳瑩	71	18	2	13	14	5	3	1	10	19	7	9	15	12	8	16	11	17	6	4	20
B198253824	吳姿心	88	18	12	19	2	11	14	17	3	1	8	7	10	16	4	20	15	13	5	6	9
A195569271	謝哲瑋	76	17	4	16	10	8	2	19	6	20	14	13	11	3	18	12	1	7	9	15	5
H295804050	林子聖	78	19	1	4	6	16	13	12	5	7	9	17	14	15	10	11	20	18	3	2	8
B198008365	鄧鈞凱	81	19	12	13	14	4	1	5	2	16	11	9	8	10	6	17	3	20	15	7	18
A295975584	鐘家宏	78	8	20	18	6	4	14	10	19	1	2	16	11	12	9	13	3	17	7	5	15
G191973533	陳茹嬌	100	20	17	12	9	1	14	19	6	7	3	18	2	11	8	13	15	4	5	16	10
A297294840	沈翔元	93	11	2	20	12	7	15	8	14	1	10	3	13	18	6	16	9	4	5	17	19
E294135599	鄭威廷	69	7	4	12	18	6	8	19	10	17	20	15	11	14	2	3	5	1	13	16	9
H192336035	李俊宏	96	3	18	16	10	17	14	13	4	19	6	2	15	5	8	7	1	12	20	11	9
F293623224	鄭家綺	61	19	5	15	4	8	10	11	18	2	12	7	6	14	16	20	9	3	13	1	17
C296161291	陳友木	71	18	4	14	7	8	5	15	10	17	16	12	3	19	13	20	9	1	6	11	2
B199596248	張文彬	90	20	7	3	13	15	8	19	11	6	1	12	10	14	2	9	17	4	18	5	16
H292072654	齊美岑	92	14	1	17	12	19	5	9	2	18	20	10	3	4	11	6	13	7	15	16	8
B196539830	羅威宇	94	1	8	12	20	3	17	7	2	5	18	10	13	14	15	9	6	19	4	16	11
E293445694	張名君	90	8	6	2	13	15	12	9	20	17	7	3	19	5	18	16	1	11	14	4	10
D194089768	張健忠	68	17	9	8	19	11	4	20	16	10	5	18	13	2	14	15	1	12	3	6	7
H294783043	林健豪	74	1	16	17	3	7	12	18	4	19	8	14	9	20	10	11	6	15	2	5	13
B291820954	陳曉易	78	8	20	3	7	12	13	16	18	10	9	4	19	15	11	14	17	6	1	5	2
F296371772	賈思賢	93	1	7	10	13	3	6	19	17	15	2	18	8	16	14	12	5	20	9	4	11
D294701716	徐慧君	100	16	5	2	9	7	17	4	14	20	6	18	19	1	15	12	13	10	11	8	3
E191795617	孫培芷	79	2	3	11	7	20	14	18	17	19	6	12	16	13	10	8	4	9	5	15	1
D196865373	謝依婷	83	1	7	11	2	4	6	5	15	19	18	14	3	9	17	16	10	8	12	20	13
G294222008	苗夙燦	87	3	1	8	14	7	4	5	18	2	15	10	13	11	12	17	20	6	16	9	19
B197338177	郭怡亨	80	5	11	13	10	1	9	19	4	15	7	20	12	16	8	3	17	18	14	6	2
F196424374	蕭江嬌	97	9	18	20	17	14	10	6	5	12	8	13	19	3	16	2	15	1	4	11	7
E291321342	曹淑惠	77	17	15	9	4	20	5	13	6	3	10	12	1	8	7	16	18	19	14	2	11
H195472243	汪惠雯	99	8	4	11	5	12	10	13	20	6	3	1	18	14	17	2	19	16	15	9	7
E298326578	林淑慈	82	14	10	11	13	16	5	20	1	12	4	9	17	2	7	6	18	15	3	8	19
B292148531	駱禎生	78	18	16	19	14	3	9	17	13	12	8	2	20	15	6	4	1	11	7	5	10
A294866175	林瑋依	90	5	6	17	19	10	2	18	14	12	7	4	9	8	3	16	20	15	1	11	13
H193523201	林修雲	76	5	20	4	10	18	17	2	1	3	7	11	9	16	8	14	13	19	6	12	15
A194470239	王永天	67	3	17	4	12	10	15	19	20	8	7	9	5	11	6	13	2	18	16	1	14
E195159199	方吟嬌	81	11	8	2	16	3	4	14	10	7	12	17	5	18	15	20	19	1	6	13	9
H197765278	戎惠玲	74	8	4	18	14	3	19	17	2	9	1	5	20	15	13	12	10	7	16	6	11
D193745392	竺恭法	83	2	1	13	3	5	11	20	18	17	16	10	4	8	12	7	9	19	14	6	15
C191777644	黃明憲	86	18	13	1	9	7	15	19	3	11	17	2	12	16	4	6	5	8	20	10	14
E197701600	吳孟利	83	15	4	5	20	3	14	7	18	19	10	17	11	9	13	2	6	16	1	12	8
C291787802	黃志明	80	17	3	9	1	10	11	16	20	6	5	8	19	18	13	4	7	12	15	14	2
G292790058	梁雪蓉	75	20	12	1	13	4	19	9	15	11	5	7	2	18	3	10	6	16	14	8	17
C294788310	黃冠宇	75	16	13	14	5	4	2	7	18	10	20	12	6	3	19	11	15	9	17	1	8
E295014811	張雅香	89	6	16	1	12	20	3	7	15	19	18	9	13	11	4	2	14	8	5	17	10
C299323364	張維凡	77	10	2	4	17	15	1	13	14	5	20	7	16	18	12	19	8	11	6	9	3
G295914701	郭樂善	97	4	6	9	16	13	18	14	10	19	15	8	2	12	3	11	1	5	17	7	20
C297687472	吳孟一	79	20	7	15	8	12	13	14	2	17	9	19	10	11	6	18	5	4	16	3	1
C299617978	胡筱婷	74	11	15	9	4	13	17	3	14	6	2	19	7	10	1	20	18	12	16	8	5
E193295147	高佳儀	72	15	5	10	12	17	18	3	2	1	13	20	7	19	16	14	4	8	6	9	11
B299922580	隆柏翰	84	14	16	1	15	13	10	6	19	5	4	20	11	12	7	9	18	17	3	8	2
C299540810	謝元淳	62	17	12	15	8	18	20	7	3	13	1	4	10	6	14	16	19	5	9	11	2
A292484737	廖珮如	73	20	9	8	18	3	14	5	10	7	13	16	1	11	2	4	6	12	15	19	17
E292570250	郭欣瑜	83	14	5	8	10	13	15	9	16	4	18	11	19	12	7	6	1	3	17	2	20
F297850807	黃建宏	92	15	11	14	1	20	6	4	7	13	19	8	16	10	12	3	2	5	18	17	9
B196799523	陳佩珊	91	13	12	5	11	14	20	2	10	8	4	3	19	6	18	17	15	1	9	7	16
H194639002	張凱岑	83	5	8	12	15	18	2	14	6	19	11	17	7	10	20	3	9	4	13	16	1
D199882367	黃正娥	86	10	8	11	5	18	3	6	2	17	4	1	13	15	12	9	14	7	19	16	20
G292070720	何少娥	74	7	19	3	9	13	18	10	2	1	4	5	6	17	11	14	16	8	20	15	12
A297974816	余武姍	80	13	10	8	17	6	5	20	7	1	15	16	19	4	9	14	11	3	12	18	2
B292491199	吳怡婷	81	10	9	16	1	8	15	20	14	12	7	13	11	3	2	18	17	19	6	4	5
E291937475	劉建屏	76	20	13	17	1	4	9	15	3	7	16	8	18	19	11	2	10	5	12	6	14
A291997539	林彥翔	88	18	5	17	15	14	12	2	13	6	9	10	4	11	3	19	8	1	20	16	7
G292702067	曹玉玲	72	4	17	10	19	13	8	20	11	7	12	16	6	18	2	3	9	1	14	5	15
E191046511	詹祥睿	77	9	10	3	16	1	8	20	15	19	11	4	5	13	12	6	7	2	18	14	17
E296175368	王文豪	88	14	18	12	2	7	19	6	11	9	10	3	1	17	13	20	15	8	5	4	16
D296561087	林承書	75	12	1	14	17	7	4	13	2	16	20	9	15	5	10	8	11	19	6	3	18
B199174448	楊曉薇	72	20	4	1	3	5	2	16	8	15	12	14	6	18	11	19	13	17	10	7	9
C299366154	謝麗治	92	16	7	2	12	18	11	13	4	17	3	8	20	6	5	9	19	1	15	14	10
G294115820	陳峻豪	76	16	10	11	17	14	6	1	18	4	8	15	13	19	20	12	3	2	7	5	9
A191298557	李世昌	70	17	20	4	8	13	12	10	15	9	7	18	11	5	2	14	3	16	19	1	6
D295910933	蔡俊穎	80	12	11	6	19	14	2	5	10	15	13	17	7	9	4	20	18	3	16	8	1
C197427625	張玉福	71	1	8	13	17	6	11	14	16	10	20	5	18	7	2	12	3	9	4	19	15
G195278753	陳石娥	77	12	10	19	20	11	16	2	8	17	14	4	1	5	6	18	3	7	9	15	13
E198963604	羅博海	70	1	4	19	17	9	7	10	6	12	13	3	20	18	14	2	15	11	8	5	16
B196842485	蔡佩宣	91	1	17	11	5	10	18	20	15	6	12	8	16	2	3	7	19	13	4	9	14
D292482978	張茹亞	83	20	1	13	4	11	8	18	14	7	9	3	15	2	5	17	6	12	16	19	10
H192259999	黃常蓮	87	6	3	19	14	2	13	4	8	9	12	16	17	5	18	11	1	20	10	7	15
B291346659	郭政儒	60	6	2	1	5	14	11	12	18	17	3	16	4	8	20	7	13	10	19	15	9
C299799368	胡仰軍	77	8	6	4	5	20	16	1	19	12	11	14	15	9	10	3	13	18	7	2	17
G296589453	蔡俊賢	75	14	13	7	2	1	10	11	16	8	6	20	19	4	5	12	18	15	3	17	9
B297746948	金京城	63	9	16	15	2	12	8	19	20	6	18	13	11	14	17	3	7	5	4	10	1
G295853614	李陽珍	84	6	7	17	19	1	8	5	14	3	12	11	20	4	10	16	18	13	2	15	9
G198780152	郭淑君	82	11	7	10	2	9	6	4	8	3	16	5	1	12	19	14	15	13	20	17	18
H196124648	柯芃珊	87	2	8	11	17	10	16	20	15	9	5	4	7	6	18	3	14	19	13	1	12
E192486028	李韋燕	88	12	17	6	10	2	19	9	18	16	7	14	20	1	15	3	5	11	4	13	8
E197978316	林于成	73	3	19	2	9	17	6	12	16	4	10	7	15	14	18	13	20	11	1	5	8
F299872534	劉淑其	95	14	13	9	7	10	17	16	5	1	20	18	15	19	3	6	8	12	11	4	2
G296382972	陳子揚	85	18	19	9	6	10	5	8	14	20	13	7	4	2	17	11	3	12	1	15	16
G191903344	黃彥惟	85	3	14	20	17	11	19	8	6	18	13	16	12	9	1	7	2	5	4	15	10
E192379546	劉靜怡	82	10	14	13	16	19	6	1	4	11	7	5	20	9	18	2	12	3	8	17	15
E295544770	張佳伶	89	4	15	20	1	11	13	14	2	6	19	10	9	7	16	5	8	3	17	18	12
A197352845	吳祖城	72	7	3	12	15	10	14	9	1	8	16	5	18	13	20	6	4	19	17	11	2
F294849277	範富航	90	18	19	12	14	11	4	16	17	20	3	9	8	13	10	15	6	2	1	5	7
E292721739	黃玉婷	82	7	9	10	19	14	3	18	1	6	16	5	13	15	12	2	17	4	11	20	8
G196250651	蔡姿君	68	1	4	10	20	7	13	15	5	16	17	18	6	14	2	11	3	8	19	9	12
G292366589	張禎瑋	71	11	8	15	18	7	9	14	6	13	12	3	16	20	10	17	5	4	19	1	2
D192700513	連文傑	76	4	2	9	3	20	17	6	7	12	14	10	19	1	13	15	16	5	11	18	8
F295471086	蔡欣希	97	14	10	13	20	17	3	2	1	6	11	9	8	18	19	16	5	12	4	7	15
H199378068	林恒意	73	15	8	4	10	20	19	2	9	17	5	7	16	14	13	12	11	1	6	18	3
E197645769	蔡宛儒	84	1	2	5	18	3	20	4	8	6	10	17	19	9	11	16	12	13	7	14	15
C293811178	陳虹修	64	19	9	3	16	12	15	4	2	5	1	10	14	18	6	13	20	11	7	8	17
A299362396	周漢蓁	77	15	10	14	7	2	4	8	11	6	12	17	19	13	20	9	3	16	18	1	5
D196310711	杜家維	83	8	7	13	17	11	15	10	20	12	9	2	16	14	5	6	19	1	4	3	18
C294829138	許子翔	77	13	7	4	10	11	20	5	14	3	12	17	19	1	18	8	15	2	6	9	16
G295291169	魏凱文	81	17	16	15	11	19	4	3	18	2	9	20	7	1	10	6	13	14	8	5	12
G192416788	仇松洋	100	19	7	9	11	2	15	10	16	4	17	6	20	8	14	13	5	12	3	18	1
G194415850	王俊成	83	13	10	9	20	19	15	18	3	14	17	2	6	1	7	4	8	12	16	11	5
C299401934	童陽邦	75	4	14	1	5	16	17	6	12	20	2	9	18	15	10	11	19	13	8	3	7
C292474466	程涵芸	100	16	14	8	9	1	13	18	11	2	20	7	17	10	15	4	6	3	12	5	19
E195758978	劉育富	91	6	10	8	13	3	17	11	7	15	18	19	9	20	5	14	12	16	4	1	2
A293068031	鄭穎臻	66	18	11	8	16	7	3	9	13	4	12	10	6	2	1	20	19	17	14	15	5
E297133373	張法孜	65	6	20	14	10	2	8	13	9	12	4	19	5	11	1	15	7	16	18	17	3
C292703177	余哲新	86	8	17	19	3	12	10	1	7	6	15	9	14	13	2	11	16	18	4	5	20
B296081546	賴其文	85	7	4	8	18	9	15	1	11	6	10	16	14	17	13	20	3	5	19	12	2
F193168691	林芳妤	86	18	13	11	2	4	1	3	15	12	17	5	20	19	9	16	10	8	6	14	7
G195967675	林佳珮	76	19	7	9	10	2	1	6	16	11	8	18	17	3	14	4	5	13	12	15	20
E195394027	周淑媛	78	20	1	17	3	19	15	12	9	13	10	5	18	7	11	14	2	6	8	4	16
C195796636	周振豪	78	3	1	16	19	14	7	18	4	11	12	15	13	6	20	9	2	17	5	8	10
F194648670	潘宇軒	83	10	2	14	4	5	7	17	3	13	6	16	15	20	19	8	11	9	1	18	12
A191251394	涂惠玲	75	4	9	5	12	18	6	16	15	14	10	13	19	17	2	11	20	1	3	8	7
H191234201	楊志宏	86	15	1	20	17	9	3	6	12	19	2	8	11	18	4	5	13	14	10	7	16
E196239810	邱憲蘋	73	6	4	10	19	17	16	15	1	5	3	9	7	8	20	2	14	13	11	12	18
H193870296	郭淑芳	72	13	9	2	15	19	5	17	20	18	12	11	8	6	7	16	10	3	14	1	4
E299415001	翁喜順	72	12	6	3	16	11	19	10	17	4	13	2	7	14	15	20	1	9	8	5	18
F198212934	黃婷寶	85	19	15	16	4	13	20	3	9	12	18	11	7	14	1	17	2	5	10	6	8
D292427093	陳虹吟	78	19	13	20	6	7	1	4	17	11	3	10	18	9	14	12	15	2	16	8	5
D297634294	李冠廷	74	16	9	8	1	12	3	5	7	4	15	14	19	11	20	6	10	2	13	18	17
F195451439	蔡敏綺	68	17	9	1	11	18	13	6	19	10	16	15	7	2	20	4	3	14	5	12	8
F292425019	黃辰堅	89	13	8	17	3	5	7	11	18	12	20	19	9	1	15	4	2	6	10	14	16
H299617473	胡偉銘	75	11	8	10	14	1	2	4	15	16	17	20	5	13	12	19	7	3	6	18	9
B292737270	樂凡琴	84	14	16	8	2	3	17	13	18	4	5	9	15	19	1	10	12	11	6	20	7
G292312143	高政宏	73	20	19	14	11	13	17	15	1	3	7	8	16	9	6	2	18	12	4	5	10
F192669733	黃又潔	95	12	19	15	3	1	16	7	9	20	14	11	17	4	2	13	6	18	8	5	10
B295823013	林國劭	87	5	3	18	14	16	12	8	7	2	15	4	11	17	6	1	19	13	9	10	20
E299887061	張其海	83	10	1	17	5	18	7	15	9	8	14	12	20	13	4	11	16	2	6	3	19
C293579193	沈牧星	83	16	1	6	18	7	3	11	4	15	19	5	17	9	8	12	20	10	13	14	2
A294617967	丁美珍	77	14	7	15	3	16	1	5	12	17	9	18	4	2	6	10	8	19	20	13	11
B193424467	姜俊毅	75	2	3	16	14	1	15	11	9	6	19	20	4	7	18	17	5	12	10	8	13
A195681978	劉育均	81	8	4	9	10	14	3	1	11	2	6	12	19	5	7	20	18	17	16	15	13
E194182872	吳秋輝	78	19	5	18	1	9	8	20	12	16	15	6	7	17	10	2	4	3	13	11	14
G291625981	馮思潔	63	9	7	18	3	8	1	5	16	4	13	6	2	11	15	10	12	20	14	19	17
F196579543	邱禹來	72	14	5	10	19	9	12	2	6	18	13	15	4	3	1	11	7	20	17	16	8
B292331303	林雅忠	62	1	14	10	9	7	6	20	8	11	12	3	5	4	17	18	15	13	2	19	16
E198808555	蔣紀正	77	3	13	5	20	12	6	16	1	15	11	10	8	14	4	7	19	17	9	2	18
G193458539	謝易茂	65	14	1	20	2	12	3	10	5	6	17	16	8	13	4	9	19	15	11	7	18
C296300494	陳信欣	64	11	3	5	7	1	6	12	17	18	20	8	9	13	16	15	4	10	14	19	2
H292925767	鄭晉強	91	5	19	4	7	18	9	8	3	2	17	20	14	10	13	1	12	15	11	16	6
E294269438	阮瑋倫	85	18	16	11	3	10	12	4	9	17	6	14	13	19	1	5	20	15	8	7	2
E197663365	李憲劭	72	20	19	10	12	3	5	9	7	2	11	1	14	13	17	4	6	8	18	15	16
B192699022	柯沛剛	69	5	9	13	7	2	10	20	11	17	6	16	12	14	4	8	3	18	15	19	1
E196357804	鄧淑志	80	2	5	6	16	17	18	19	15	3	12	11	13	9	14	4	7	10	1	8	20
C191640884	陳雅雯	87	2	4	5	19	6	15	17	18	8	1	20	12	14	10	3	7	9	13	11	16
G297932887	王玉卿	74	1	14	3	18	6	8	16	5	20	10	17	11	4	2	13	7	12	15	9	19
H293565345	李思昇	95	9	3	11	8	10	13	17	16	4	2	20	7	15	5	18	12	6	14	1	19
H198921869	黃哲綺	100	16	12	18	20	2	8	14	3	7	19	17	15	4	5	13	9	6	1	11	10
H194821804	賴宜君	70	7	8	17	1	15	9	19	10	6	16	12	3	13	2	14	11	20	5	18	4
E196916527	張麗卿	96	17	13	15	16	4	19	5	10	20	9	12	2	18	11	14	6	1	3	8	7
D196424989	李希夫	83	5	11	19	10	4	16	12	18	20	1	2	9	6	7	8	17	3	14	15	13
G298950496	宣亞富	78	17	10	6	5	18	1	2	13	16	11	8	19	7	4	3	20	9	12	15	14
A191475796	林曉桂	90	14	11	1	4	6	12	9	19	7	17	20	18	2	10	13	15	3	8	16	5
B296108695	黃麗定	82	15	10	18	3	14	9	17	2	19	20	11	16	1	4	13	6	12	5	8	7
H294097926	陳婉婷	81	12	4	16	9	19	13	18	6	15	8	10	1	14	11	2	5	17	7	3	20
D199067593	許群甫	79	1	10	5	17	13	4	14	2	12	6	18	15	3	11	9	19	20	8	16	7
C195799146	王雅琳	100	18	19	13	8	17	7	10	1	6	4	3	12	2	9	11	20	5	14	16	15
A298000931	白美玲	95	15	14	7	4	2	3	9	20	17	6	12	13	18	19	16	1	8	11	10	5
D193126315	林人水	72	12	7	11	16	17	20	9	14	3	5	18	10	4	2	15	1	19	6	8	13
F291594300	吳明羽	79	18	3	20	7	5	2	10	14	12	9	15	6	13	16	11	8	17	4	19	1
C198589857	許孟哲	72	19	17	3	4	6	20	16	1	7	9	12	10	2	15	14	13	11	5	8	18
C191954561	陳虹平	83	17	12	13	14	5	20	10	6	19	16	8	2	4	11	9	1	15	18	3	7
C294858764	黃胤梅	71	1	16	17	20	13	5	14	11	9	4	7	18	3	8	2	19	10	15	6	12
F193852830	宋合丹	79	15	16	13	2	18	20	3	5	10	8	6	7	11	4	14	17	1	19	9	12
A192268606	劉偉智	65	12	14	13	9	7	10	20	15	11	16	17	8	2	3	4	6	18	1	5	19
A294265696	陳筱政	71	8	5	10	1	18	2	19	11	4	14	6	15	12	9	3	17	20	7	13	16
A295994294	劉竹娟	94	6	4	19	14	2	18	9	16	11	15	17	10	1	20	8	5	13	12	3	7
B299169010	曹佩珊	68	17	6	8	7	14	10	12	2	18	13	20	19	1	9	11	16	4	3	5	15
G293961800	金珊木	71	13	4	12	3	11	5	20	6	19	10	7	16	15	2	18	14	17	9	8	1
A298081141	陳彥新	79	1	20	12	13	18	11	9	7	2	4	19	3	17	10	16	14	6	5	15	8
E295391082	張行	92	9	11	3	8	2	16	19	18	20	7	1	14	13	5	12	15	17	4	10	6
G191108456	黃淑吉	78	5	10	16	15	6	2	11	19	9	12	14	1	20	18	3	7	17	4	13	8
H198892612	鄭容依	83	19	11	1	17	4	3	5	9	15	14	6	20	18	10	2	16	7	8	13	12
A194333795	梁彥伶	78	16	20	7	9	17	5	11	3	14	18	2	19	6	10	15	13	8	12	1	4
E197754530	張庭仁	74	20	12	14	15	18	19	2	16	7	8	17	10	9	3	4	5	6	1	11	13
D296159185	張婕妤	96	11	12	5	1	15	20	9	3	19	16	7	18	4	10	6	13	8	2	14	17
F196597621	黃珮以	84	11	17	8	15	12	20	16	13	18	1	14	4	5	10	2	6	7	19	9	3
H297046243	翟依潔	83	2	16	17	19	4	6	7	9	11	1	14	20	18	10	13	8	3	15	12	5
H197093731	吳友寧	89	14	10	3	11	2	17	8	16	20	15	7	19	12	9	13	4	6	18	5	1
C291639249	陳俊緯	73	9	1	17	18	11	6	10	2	5	14	4	8	13	19	20	16	7	12	3	15
E292300534	楊湖彬	83	12	9	19	17	13	18	1	5	2	4	15	6	7	14	20	10	16	8	3	11
A198648037	李秀娟	86	15	2	16	17	14	20	19	6	13	5	18	1	4	9	7	3	12	11	10	8
C194171608	蔡乃淳	100	10	13	19	7	1	2	20	15	14	12	16	8	9	11	4	3	17	5	6	18
B292327390	陳書瑋	72	15	16	8	6	13	11	14	2	18	4	5	20	10	12	3	7	9	19	17	1
D295843553	郭家瑋	85	8	19	20	9	3	18	4	5	10	17	7	2	6	14	11	12	1	16	13	15
H194011755	張姵薇	84	1	10	16	3	17	12	9	15	2	7	6	13	14	20	19	11	18	8	4	5
E291600286	李玄迪	95	20	11	17	16	10	19	13	14	1	8	9	3	7	12	18	2	15	5	6	4
G294152912	魏苡雲	74	3	10	17	6	9	20	18	4	11	19	16	12	7	2	15	1	13	14	5	8
H191511221	李璇玉	85	3	14	9	12	15	10	16	7	11	19	5	2	17	4	6	13	20	18	1	8
D292121505	李竹明	75	14	4	15	9	1	18	19	10	20	13	3	8	17	11	16	5	2	6	12	7
G292982672	李佩恩	100	4	14	7	2	10	13	11	9	20	1	18	5	6	8	12	17	15	16	19	3
H192196264	賴雅文	77	17	16	15	9	5	18	3	20	4	13	11	8	14	2	7	1	10	19	12	6
C298168234	林竣傑	87	15	1	17	7	4	2	14	5	18	20	9	12	16	10	11	8	13	19	3	6
D291858192	陳文桂	88	4	15	13	16	9	17	10	20	18	19	11	14	8	7	1	12	3	2	6	5
E299875258	張惠生	73	12	5	9	19	13	8	11	4	18	10	14	15	3	2	1	7	6	16	20	17
H192980659	吳凱翔	71	11	20	17	5	7	16	6	14	3	19	9	2	18	1	4	15	12	8	13	10
F199539498	黃柏鈞	73	12	13	4	18	20	6	1	14	9	15	19	10	17	5	16	3	11	2	7	8
E194563340	韓伶珍	88	5	8	3	19	16	7	2	15	11	9	10	20	13	18	14	6	4	1	12	17
D196400523	馮明哲	79	14	7	6	5	15	11	12	4	17	18	8	10	1	3	13	2	20	19	9	16
F195848521	洪永季	92	19	7	1	9	4	6	10	12	8	17	5	3	15	16	13	2	14	20	18	11
A298657216	梁偉成	81	11	13	16	7	1	2	4	20	15	18	6	3	10	19	17	12	14	5	9	8
B291576700	賴佳蓉	77	6	18	3	4	2	13	19	15	11	5	17	1	9	20	12	8	16	10	14	7
D292541061	林承恩	83	19	11	8	13	4	7	2	15	20	16	14	12	5	3	10	9	6	17	1	18
C194313884	林于雲	79	14	20	16	7	6	17	1	15	5	11	12	8	19	13	9	10	2	4	18	3
H195736617	吳秀玲	88	7	3	10	18	12	1	20	14	5	13	11	9	15	16	17	4	2	19	8	6
E195903099	林威來	82	3	16	1	6	20	17	5	8	19	2	7	11	9	15	12	18	4	13	14	10
A299850775	陳曉玟	87	15	4	11	13	3	7	1	10	5	2	12	6	8	9	17	19	18	20	14	16
E193263298	陳立順	83	6	12	17	18	20	7	5	13	8	11	10	9	19	3	4	2	16	15	14	1
A196197644	張雅晴	91	12	11	18	6	4	8	19	13	15	14	16	10	17	1	7	20	9	5	2	3
H195060761	崔岱花	77	20	8	15	10	2	19	5	18	12	6	4	17	14	7	11	1	9	16	3	13
C193544125	翁偉哲	82	6	3	2	17	15	5	10	8	13	16	1	14	4	20	19	11	18	12	9	7
G199605872	唐秉亮	75	19	20	2	4	16	8	3	13	18	5	11	9	17	10	14	1	12	15	7	6
B196859006	王又玄	89	3	16	20	18	1	13	5	9	12	2	6	4	7	11	14	8	17	15	19	10
D295152888	連惠敏	82	17	2	4	5	8	1	6	10	19	16	15	12	13	3	20	14	18	7	11	9
E299441529	方財茂	86	11	2	14	10	5	6	19	4	8	9	7	13	1	3	15	18	16	12	20	17
H198277080	馮雅玲	67	20	11	19	7	18	6	3	13	16	15	8	14	9	4	12	10	5	2	1	17
G294757855	周哲瑋	74	6	9	5	10	20	2	18	15	12	8	19	13	1	11	3	17	16	4	7	14
B296781381	沈浩玟	83	19	4	12	15	3	5	13	7	10	20	1	11	14	9	6	16	18	2	8	17
F194801462	李孟勇	73	2	17	18	4	8	5	19	7	14	6	13	11	12	16	15	3	1	20	10	9
G197256059	李建興	64	16	5	15	6	10	14	19	7	3	9	18	12	13	2	1	11	17	20	8	4
D198526708	張博盈	80	1	19	15	14	10	3	16	13	7	20	6	9	2	8	11	17	4	18	5	12
D198847604	朱艾江	86	12	6	1	17	8	2	11	15	10	13	19	16	20	5	9	14	3	18	4	7
B194923101	王雯豪	84	7	11	10	18	19	20	12	2	3	15	16	17	6	8	4	13	14	1	5	9
B198574604	鄭珈順	77	6	15	4	20	10	9	19	11	8	12	7	14	18	2	3	16	13	17	5	1
A299287549	孫盈來	76	19	2	7	1	14	15	8	9	5	20	17	11	18	16	13	12	4	6	10	3
F292534826	竺欣怡	74	6	11	18	1	9	4	10	17	5	3	14	2	19	20	7	13	15	8	12	16
G191284184	楊佑霖	97	16	15	11	7	19	9	8	14	17	4	2	1	18	6	3	10	13	12	5	20
B195874027	林雅玲	98	13	7	18	2	8	1	15	17	20	9	14	11	5	10	19	12	16	6	3	4
A295565864	陳佩紹	76	7	1	13	3	19	14	18	17	10	16	8	11	15	6	4	12	5	2	9	20
B297613319	林靜新	92	7	18	12	20	10	17	15	19	2	1	8	11	3	6	14	4	16	13	5	9
F195617731	吉怡靜	91	17	20	18	3	2	4	13	9	7	11	8	16	19	15	14	6	10	1	12	5
H199309330	陳昱雯	73	1	19	9	8	2	18	13	14	16	12	15	4	6	11	10	20	17	5	7	3
D297702500	陳盈迪	83	20	5	15	16	18	11	8	17	13	7	12	10	1	19	14	6	4	3	9	2
E291177808	王玄毓	81	3	20	19	2	9	1	16	18	11	15	14	12	8	6	10	17	4	13	5	7
A192804264	黃佳慧	80	7	2	6	16	11	17	15	13	1	9	3	14	4	12	18	19	8	10	5	20
H191461191	林介劭	79	3	1	10	16	7	19	12	9	18	5	8	20	14	4	11	2	13	17	15	6
H294802052	陳玉梅	77	13	10	17	16	7	5	9	1	3	11	18	2	15	20	6	8	12	19	14	4
B291479046	金元紹	73	18	17	8	2	13	7	11	3	15	1	10	9	5	14	19	4	12	20	16	6
A291125800	耿佳怡	78	20	13	14	19	15	17	18	9	4	16	6	11	7	5	10	2	3	12	1	8
E193442119	陳昭昀	82	15	17	7	16	10	3	18	20	6	14	11	2	8	12	13	5	4	19	1	9
F299983587	朱政憲	80	2	19	14	17	5	3	10	15	12	8	1	7	9	13	4	18	16	6	20	11
B197181865	陳俊緯	91	16	11	9	6	14	7	3	8	4	1	10	2	20	15	12	5	18	13	19	17
D298000309	陳思姍	61	19	3	14	12	13	1	5	6	8	9	4	10	11	2	18	7	15	16	17	20
H299488025	賴武玄	96	1	2	16	4	9	13	18	11	3	15	14	7	19	5	8	17	12	6	10	20
H298207875	李威夫	78	15	12	5	7	10	1	14	8	16	11	9	6	2	20	19	3	18	4	17	13
F192306017	簡雅萍	71	14	13	12	8	6	20	17	15	2	18	9	11	4	5	10	7	16	1	19	3
C196620462	潘柏豪	69	2	11	3	12	6	4	17	19	18	14	20	7	10	8	1	13	5	15	16	9
E194860719	陳雅芳	80	1	4	3	16	7	12	14	6	2	18	11	15	13	10	9	20	17	5	8	19
F297876865	梁玉玲	82	4	15	6	11	7	10	16	18	9	19	8	17	1	20	13	2	12	5	3	14
F294159625	劉舒涵	84	19	12	20	8	5	9	15	11	3	18	17	6	14	1	13	16	2	4	7	10
F293201237	洪容姍	77	20	1	8	14	12	5	2	9	3	15	10	6	4	16	7	11	18	17	19	13
A195212357	黃淑季	78	6	13	19	12	5	4	20	14	3	2	15	18	16	1	17	7	8	10	11	9
C291624211	李常麟	61	17	7	11	18	5	14	12	10	3	2	1	9	16	20	15	4	8	13	19	6
D197193170	蔡雅慧	88	18	16	13	11	1	2	20	8	5	19	3	17	10	14	6	4	12	15	9	7
A294591735	時建宇	66	11	16	10	8	19	18	5	15	2	17	9	4	6	20	3	14	1	7	13	12
G195654379	傅志偉	89	16	5	14	10	1	12	6	2	13	7	8	20	4	11	18	19	3	15	17	9
C294356194	謝婷婷	86	18	11	4	8	10	7	20	16	2	5	12	13	9	15	19	14	3	17	6	1
A293167860	趙妍香	66	5	11	14	3	17	20	7	18	16	9	13	1	6	19	15	4	8	10	2	12
F295121698	蔡隆強	81	2	20	8	18	5	1	14	16	6	10	13	7	15	12	11	4	17	19	3	9
B194657040	林君俐	82	20	11	6	4	14	19	5	13	17	9	3	7	8	15	10	1	2	18	12	16
H193979034	屈家瑩	69	9	16	11	13	12	5	7	18	20	14	15	1	10	6	4	17	19	2	3	8
F293705650	陳威士	89	19	4	20	14	17	3	9	8	1	10	2	15	7	6	13	16	11	18	12	5
A297122376	劉聿雄	81	10	16	15	20	13	9	8	17	12	11	5	18	1	2	3	6	7	19	14	4
H291605266	陳念瑄	84	7	5	11	3	4	2	8	9	10	6	16	18	15	17	19	1	13	20	14	12
E299309482	鄭芸喬	70	15	16	13	3	19	11	1	9	18	17	14	5	2	8	6	7	10	20	4	12
B194130393	許家俐	72	10	14	1	11	20	9	6	19	16	7	3	4	5	13	15	18	2	17	12	8
E197367117	洪政達	95	16	13	8	19	4	11	1	2	7	5	6	10	14	3	20	18	15	17	12	9
D292405293	黃淳蘋	88	10	11	7	15	1	20	8	18	12	19	16	3	2	14	4	5	6	13	17	9
F294011764	趙光鴻	91	16	8	17	3	20	6	4	7	12	18	2	13	1	14	5	11	15	19	9	10
C196005812	郭俊彥	71	7	12	19	10	13	11	18	3	6	9	17	1	16	2	4	8	15	14	20	5
A193878026	林誠鴻	79	11	9	15	7	16	1	2	4	3	10	17	8	19	20	14	6	5	12	18	13
C293433236	曹雅慧	79	15	7	12	19	14	2	18	10	4	11	1	3	16	20	5	6	13	9	8	17
F197686332	藍怡婷	66	20	17	5	12	9	11	7	14	4	2	13	10	3	1	19	8	15	18	6	16
H297871942	韓奎羽	88	9	3	8	6	10	17	2	15	19	12	7	5	11	14	13	1	18	20	4	16
G191876182	黎韋奇	70	18	9	12	11	20	15	8	3	1	10	2	13	5	4	14	16	19	6	17	7
B196403433	黃麗娟	74	12	17	20	13	16	2	6	14	18	9	7	4	15	11	8	3	1	19	5	10
A298944867	黃財冰	74	2	1	6	20	9	18	16	11	8	17	14	5	7	19	13	3	12	10	15	4
B194531498	湯偉智	80	3	9	11	8	13	6	4	18	7	14	5	17	15	2	16	10	20	19	12	1
F293520166	朱雅萍	76	4	7	10	13	2	9	15	18	11	3	20	8	16	12	17	1	19	5	14	6
C294509042	王志瑋	94	7	16	14	5	17	3	8	1	9	6	20	10	4	12	15	18	13	19	2	11
B292274027	賴妙珍	89	1	5	13	9	12	2	11	10	8	4	6	15	7	14	19	16	17	20	18	3
B192303585	陸詠松	84	17	16	20	9	19	13	2	3	18	5	12	15	11	7	10	6	4	14	8	1
E199240075	林淑惠	80	13	12	17	11	19	16	10	3	1	18	8	15	7	4	14	20	5	6	9	2
E295913800	黃靖琴	77	8	5	19	6	14	7	2	17	20	11	12	4	13	18	16	1	9	15	10	3
A197686533	洪嘉欣	83	10	18	5	12	2	16	20	19	7	14	13	11	8	6	17	1	3	4	9	15
F299955556	黃雅惠	93	16	14	20	19	8	6	4	1	9	13	2	12	3	5	10	15	7	11	17	18
H295650936	宋光輝	74	17	1	12	3	10	5	11	20	13	15	6	18	8	14	2	9	7	19	4	16
H198639991	陳思治	93	1	10	19	7	9	8	14	16	12	4	3	6	5	20	17	13	2	11	18	15
F191071686	曹亦勇	91	7	6	8	9	17	3	2	1	10	14	13	4	12	18	20	19	16	5	15	11
D298621282	陳瑋倫	75	11	13	14	1	17	12	16	5	6	9	2	20	15	19	7	8	3	10	18	4
H296304755	張哲瑋	71	11	17	3	19	14	18	2	6	1	4	9	13	15	12	16	8	20	10	7	5
D191452787	林雲谷	68	1	5	11	20	7	13	17	9	2	4	18	12	19	15	14	10	3	6	16	8
F291083562	陳雅慧	68	6	13	20	18	15	17	16	14	4	9	3	11	7	10	5	2	12	8	19	1
F192577187	黃姿芳	76	18	16	11	8	4	15	14	7	5	1	20	19	13	6	9	3	17	2	12	10
G297356252	李裕翔	75	5	20	19	17	10	18	9	12	16	6	11	15	13	8	14	7	2	1	4	3
A299200284	陳柔鴻	52	17	9	12	14	6	18	7	10	8	11	13	4	5	16	20	1	19	3	15	2
E298212828	蘇淑芬	78	5	17	1	13	16	6	2	19	4	14	3	9	8	11	18	10	20	7	15	12
C295828644	張嘉恭	60	5	4	19	17	16	10	6	3	1	13	12	8	7	15	20	11	14	9	18	2
A299220302	趙詩婷	82	19	7	5	3	10	17	11	18	4	6	8	12	15	1	20	16	14	13	2	9
D193078707	溫雅文	72	19	15	8	10	3	6	14	13	1	18	2	9	11	20	5	17	4	7	12	16
C296076064	林美豪	73	12	15	3	16	6	11	18	7	8	14	4	17	13	2	20	1	5	9	10	19
D198505423	張鈞玫	96	14	3	12	1	15	4	19	11	20	7	8	17	5	16	13	9	18	10	6	2
E194266220	李婉珊	81	18	1	15	12	5	7	11	4	20	17	14	3	8	19	6	9	16	13	2	10
F293967007	陳治夫	78	18	11	7	12	4	6	9	2	16	17	1	5	14	3	19	8	15	13	10	20
E199631414	江怡潔	84	14	13	18	3	8	6	20	7	4	19	11	10	9	1	16	15	5	17	2	12
F197427011	孫淑芬	84	19	1	13	17	10	18	15	3	5	6	8	9	7	4	20	2	12	14	16	11
H193018349	蘇秋萍	77	10	11	15	2	14	9	8	13	3	1	19	4	17	6	20	7	5	18	12	16
A299629930	林雯璇	96	11	1	19	5	12	17	4	16	8	6	2	18	13	10	3	15	14	7	9	20
F295603579	趙山義	66	3	16	10	2	12	1	6	14	5	7	18	11	20	17	19	15	9	8	4	13
D291009091	楊雅傑	88	14	3	19	9	13	12	17	6	11	2	8	10	4	18	16	1	5	20	7	15
C298991359	陳怡婷	88	19	10	5	14	2	9	6	12	18	1	16	4	20	3	8	15	11	7	13	17
C291888975	朱淑芬	79	18	11	4	14	9	6	7	1	15	19	13	10	17	20	8	12	5	3	2	16
C299488833	陳惠漢	73	5	17	14	2	13	6	4	18	9	16	19	3	20	7	8	10	1	15	11	12
A199125784	林美平	70	17	5	3	19	6	15	20	18	2	16	13	14	11	4	8	1	12	9	7	10
A293672615	丁軍萍	85	17	19	11	1	20	3	4	2	6	5	16	12	13	18	14	8	7	9	10	15
F196095926	王志明	61	4	10	14	13	18	2	1	9	11	15	5	20	3	12	8	7	17	6	19	16
A299740096	顏云	94	11	7	5	3	4	1	6	17	18	13	8	15	9	19	10	16	20	12	14	2
D295931594	楊智軒	64	15	3	12	10	6	13	8	5	20	1	19	11	4	18	14	17	9	7	2	16
H298634738	張佩君	67	15	3	19	1	2	8	18	11	7	5	6	20	9	10	17	16	13	4	14	12
G197494997	魏淑玲	85	8	5	13	14	17	12	16	19	10	7	11	20	2	9	1	4	18	15	3	6
E291434586	趙倩茜	77	14	18	19	11	6	8	13	2	7	1	15	4	17	16	9	10	12	20	5	3
H294449288	魏易怡	82	12	19	9	14	18	16	17	8	5	10	7	13	11	1	4	20	2	15	3	6
D196002787	陳鈞岑	88	1	16	8	13	17	19	12	3	10	9	15	18	5	7	11	20	14	4	2	6
E294412822	郭偉成	80	10	13	6	9	7	4	15	19	12	14	1	17	16	5	8	2	18	3	11	20
B198176626	張火憲	74	9	20	2	3	8	11	18	13	17	16	5	4	15	12	1	10	6	19	7	14
E193690357	張智恩	72	12	7	16	14	18	8	13	6	10	5	1	9	20	4	11	17	2	19	3	15
E298652484	林淑仁	84	17	12	10	1	9	15	4	5	2	18	3	16	14	7	6	11	19	8	20	13
D296487577	呂佳發	73	14	9	6	15	19	11	1	2	5	3	10	8	13	4	7	20	18	17	12	16
H193318353	蔡筱婷	74	20	8	18	10	17	16	15	1	14	7	12	4	19	2	3	6	11	13	9	5
A193707497	陳邦帆	98	5	14	10	12	6	4	19	15	16	17	18	7	8	13	9	1	3	20	2	11
F194041608	鄭琳峰	91	8	6	11	15	1	19	20	17	7	5	16	3	14	10	9	13	2	4	12	18
C292959393	謝旺謙	78	13	11	1	20	10	2	8	4	9	17	5	7	3	18	19	16	14	12	15	6
B197434549	李宜珊	84	16	19	1	2	14	17	15	10	3	11	9	12	8	6	7	4	5	18	20	13
E299929546	袁佳慧	79	2	7	5	1	12	10	13	18	19	11	3	4	17	16	14	20	9	6	8	15
A292858166	林清綸	73	16	15	12	7	11	13	9	14	20	10	5	19	4	17	2	18	8	6	1	3
B291488438	朱慧娟	86	15	16	19	17	2	12	18	20	11	8	14	10	6	13	1	3	4	7	9	5
C299885207	張儒元	67	6	16	19	17	3	12	15	20	13	5	18	14	11	10	8	4	7	1	9	2
F191009948	曾佩蓉	84	19	4	10	15	3	11	9	18	2	17	14	5	16	13	8	7	6	1	12	20
B192383476	林怡合	73	12	5	1	20	18	10	7	11	15	8	13	17	2	14	6	3	4	16	9	19
C296816184	陳姿坤	82	16	20	12	14	1	13	15	7	4	17	5	2	3	11	9	18	10	8	19	6
F197608954	張秀芬	76	13	11	7	10	20	16	17	12	2	18	5	3	6	8	1	4	9	19	15	14
A196588136	黃子松	88	9	15	13	6	18	19	12	14	11	3	5	7	2	20	4	16	1	8	17	10
B294824829	陳秋山	86	12	8	9	11	20	1	15	2	4	17	13	10	5	6	14	18	16	7	19	3
F196488878	林家銘	88	15	18	13	20	16	11	12	14	10	2	1	6	17	4	7	8	19	5	9	3
H195062407	連博江	89	3	12	15	5	9	20	11	4	13	17	18	2	14	16	8	6	7	10	19	1
H291568508	趙采穎	70	5	1	2	11	10	12	18	19	4	14	17	16	7	3	9	20	13	15	8	6
D292116513	曾乃文	70	3	10	17	8	12	13	15	4	1	18	7	20	11	16	9	14	6	5	2	19
A297388249	黃家華	91	17	14	15	10	3	6	16	8	20	5	11	7	2	19	12	18	1	9	4	13
B191040418	王冠傑	84	15	6	4	5	19	11	18	9	16	3	13	17	7	1	14	20	2	10	12	8
H297932897	高宜靜	83	1	9	3	2	20	11	7	19	5	4	12	14	15	8	6	10	18	17	13	16
A298628680	周欣瑜	82	10	2	18	8	4	19	6	1	12	13	3	17	9	14	20	7	15	11	16	5
A196893874	郭文君	94	5	3	7	16	8	2	18	15	11	9	20	6	12	13	19	10	17	14	1	4
D292616018	陳希延	87	3	2	20	10	13	16	14	9	12	17	11	5	15	7	1	6	19	4	18	8
G199888335	蔣筱芸	78	4	7	13	5	18	1	2	3	11	8	19	12	17	10	15	16	14	6	20	9
C296729275	陳怡安	69	11	12	15	7	18	10	20	6	1	19	2	8	5	17	4	9	3	13	14	16
D294902982	施彥君	78	3	13	4	9	15	11	5	17	10	18	2	19	14	6	8	12	1	7	16	20
G193828086	李雯燦	70	1	8	14	7	19	5	10	20	3	11	12	17	9	4	6	13	15	18	2	16
A195575395	曾與霞	72	8	14	3	13	9	4	2	15	17	6	19	16	11	7	5	10	1	12	20	18
C191780123	林怡芳	81	14	4	5	17	12	13	6	19	18	3	11	1	16	7	8	20	10	15	9	2
E296552123	李俊宏	78	6	20	7	16	14	17	9	19	5	10	3	4	11	12	18	15	2	8	13	1
E199852600	陳瑞枝	100	20	9	8	6	1	5	16	4	3	19	2	14	13	10	15	7	11	18	12	17
C297400135	王卓城	76	10	16	12	4	11	19	17	8	5	14	7	2	1	13	3	15	20	9	6	18
F195905576	趙詩泰	67	8	7	9	10	3	19	18	13	17	16	12	15	4	2	20	11	14	6	1	5
F295158597	陳淑萍	88	16	1	10	20	19	7	8	17	14	2	12	9	6	18	15	5	3	11	13	4
H293912979	賈佳玲	75	17	6	11	5	10	3	4	9	12	14	16	20	13	19	8	2	1	15	18	7
A193702394	王雅雯	97	4	11	2	5	20	6	13	8	10	19	17	15	3	9	18	12	7	1	14	16
G199198685	高則彬	79	1	13	10	6	20	18	17	4	14	8	16	5	9	2	7	19	11	12	3	15
F198541985	賴嘉玲	79	5	19	3	15	14	20	10	17	7	11	8	18	2	12	1	16	9	13	4	6
E294336283	林威任	89	20	14	7	16	5	17	1	19	12	2	10	9	8	6	4	13	18	11	15	3
C198293016	黃怡潔	78	8	20	17	12	3	9	2	13	6	16	4	7	11	1	19	15	10	5	14	18
B299675540	劉晉俊	81	14	19	2	9	17	7	3	20	8	5	18	11	4	16	10	13	1	6	12	15
G294470719	方友希	68	17	2	18	15	1	8	16	12	4	7	6	3	20	10	9	19	5	14	11	13
D295548919	張嘉郁	68	6	13	4	2	19	11	3	12	18	15	5	1	17	16	20	8	9	7	10	14
D296832125	王馨文	83	4	8	11	5	9	18	12	17	14	1	16	6	3	13	7	19	20	2	15	10
D192131769	張莉婷	82	11	9	13	12	8	15	18	6	19	7	5	4	16	3	14	17	10	1	2	20
B197378019	彭美惠	77	2	19	14	16	15	17	20	13	8	5	3	18	9	1	11	7	6	4	12	10
H197163309	顏健賢	80	11	12	6	9	10	18	2	14	7	16	8	19	1	5	4	15	3	17	13	20
B196979263	蔣育廷	89	5	8	15	18	16	19	12	13	2	10	20	3	6	9	4	7	11	17	14	1
B199421540	蕭雅孝	82	6	17	1	20	2	16	10	3	11	5	4	18	14	19	13	12	15	9	7	8
B292489251	趙宜芳	81	17	16	7	1	10	15	18	12	11	9	5	8	4	20	19	13	14	6	2	3
D292083313	馬曉芬	90	14	16	19	13	10	6	3	1	4	20	5	2	9	17	18	8	11	12	15	7
F297270621	吳奇恒	69	1	10	2	17	19	7	16	15	8	4	12	9	6	5	11	18	20	13	3	14
F194264898	洪冠良	88	6	19	12	8	18	13	14	1	10	9	16	3	11	7	5	2	20	15	17	4
F297329370	陳宏枝	78	2	9	12	14	13	6	10	3	7	20	11	8	1	5	15	16	18	19	17	4
E294474493	黃玉奇	90	3	8	19	13	6	4	14	9	17	12	2	10	18	11	20	5	16	7	15	1
B199466049	陳彥宏	83	11	2	13	17	8	10	6	5	15	7	4	18	19	20	14	1	9	16	12	3
H295984204	謝馥佐	84	15	4	6	19	7	3	14	2	8	11	10	1	5	18	20	17	13	16	9	12
G293835430	黃文雨	72	6	10	9	16	15	8	5	1	3	19	20	11	2	12	4	18	13	17	7	14
H292018445	李素江	88	19	18	5	13	16	14	11	3	12	20	8	9	17	2	7	6	4	15	10	1
C293227514	張嘉達	81	1	20	16	8	12	15	3	9	14	10	4	6	11	13	19	17	18	7	2	5
G292160578	許宗穎	85	2	14	17	16	8	13	12	20	15	1	4	5	19	9	18	3	7	10	6	11
G296112872	翁雅婷	61	12	14	11	3	10	6	1	13	4	19	18	5	16	15	17	7	9	20	8	2
H192432569	劉雅文	89	4	7	14	20	17	18	19	13	6	11	10	2	3	1	16	12	15	9	8	5
F292964164	盧珍芸	89	10	13	17	20	14	7	19	4	5	16	2	15	8	9	12	11	6	18	1	3
F292155745	蔡妍昆	83	5	20	1	19	13	12	9	17	3	16	14	8	15	6	11	7	4	2	18	10
G293983600	藍芳儀	76	19	17	5	3	12	18	6	1	10	7	15	14	8	9	2	4	13	11	16	20
C195832431	黃世強	80	17	2	8	5	9	12	10	3	6	7	15	4	13	14	11	20	19	1	16	18
A192204540	駱之安	86	19	15	14	8	12	18	10	16	9	2	3	13	20	17	6	11	7	5	4	1
G296929046	葉若芷	64	5	10	18	17	4	13	11	8	2	15	6	19	3	1	14	7	16	9	20	12
A292107566	謝文福	83	1	5	19	13	8	2	17	9	14	12	18	7	11	6	20	4	15	16	10	3
B297274545	陳思涵	77	20	6	15	5	16	12	10	8	4	9	18	1	19	14	17	7	2	13	3	11
A299207836	林佩珊	79	15	19	20	4	17	16	8	10	18	9	2	5	7	14	3	12	13	11	1	6
C196413510	李承康	87	13	20	11	1	10	2	12	9	19	18	5	4	16	6	17	8	14	7	15	3
A292212295	劉佳琪	83	4	7	18	15	6	13	11	2	20	10	3	8	1	16	19	17	9	12	5	14
D192334966	林湘芃	89	18	20	13	12	4	3	11	15	9	10	14	2	17	16	6	19	5	8	1	7
G197687241	朱韻如	87	5	17	20	16	19	10	11	13	15	7	8	12	9	14	2	3	1	6	18	4
A194547351	林芳容	78	19	7	14	16	15	5	10	6	12	1	2	3	17	11	18	13	20	8	9	4
C192971333	黃尹惟	78	20	14	3	15	10	1	8	13	11	16	7	19	4	5	12	9	17	18	2	6
H298733218	劉柏君	86	2	12	1	15	5	10	9	17	8	11	20	6	18	7	3	13	19	16	4	14
C194732834	李鎮奇	82	13	18	6	5	4	9	11	3	19	14	1	20	17	12	7	2	10	16	15	8
F196731847	許兆屏	93	8	19	10	5	16	4	18	1	9	12	7	17	15	20	13	2	6	3	11	14
E291265796	周宛真	66	4	14	8	6	19	13	16	2	18	17	11	7	5	10	15	9	20	3	1	12
C292666795	楊培軍	68	3	4	9	11	15	10	20	7	18	14	6	16	5	17	2	13	8	19	12	1
E295232346	黃彥良	71	1	9	19	15	10	14	4	12	17	18	2	8	20	5	11	6	3	7	13	16
B293521552	吳士星	79	8	2	19	20	3	1	15	4	5	12	10	6	13	11	17	14	18	16	9	7
G194489127	陳信友	86	1	7	17	6	20	13	11	19	2	18	10	12	15	8	4	9	16	3	5	14
G198090340	廖崇福	94	16	13	20	1	8	6	2	5	14	15	18	4	7	19	3	9	11	17	12	10
G195007281	郭昱宏	76	10	5	15	11	9	8	3	6	7	20	1	13	19	14	17	16	2	4	18	12
E295515233	王志豪	81	4	7	19	16	13	6	17	20	11	18	3	8	2	9	10	15	1	5	12	14
C198168581	蔡宗綸	73	16	6	5	13	15	17	19	2	1	8	14	11	3	12	7	20	10	9	18	4
H191048125	陳志宇	70	2	20	11	14	19	5	3	4	9	15	10	7	16	18	1	12	13	6	8	17
B192744844	張昭友	80	16	2	1	4	11	12	5	18	15	13	20	8	17	3	6	7	14	19	10	9
E199602397	錢怡君	85	8	9	15	16	11	13	3	2	6	14	10	12	5	19	4	7	17	18	20	1
D292211817	金俞光	75	17	4	18	12	10	11	20	9	3	14	5	16	2	13	8	1	6	7	15	19
B194121438	李文珮	86	6	3	19	14	17	16	20	4	7	5	2	12	1	18	13	10	8	15	9	11
H294678798	陳春念	82	10	13	20	16	1	8	7	5	12	2	9	3	15	17	19	11	6	14	4	18
D191872967	施君季	60	6	19	9	4	5	14	2	15	7	11	16	17	13	3	8	18	10	12	20	1
F197498458	林雅雯	70	2	19	15	5	3	14	9	13	10	11	1	18	16	4	12	6	17	8	20	7
B292944079	林紫歡	81	20	6	11	17	9	5	3	12	4	8	2	15	7	13	19	18	1	10	14	16
F192569872	吳妍謙	83	12	15	8	7	16	11	1	13	10	17	9	18	4	19	14	3	5	2	6	20
D296448650	唐綺云	74	13	19	8	16	5	14	9	12	17	2	10	11	18	4	6	20	7	15	1	3
C191105540	洪雅婷	97	17	8	18	15	3	9	12	4	13	16	11	7	20	19	2	10	1	6	5	14
B298148562	劉婉如	76	17	15	1	20	2	12	10	4	9	19	11	5	13	14	6	16	8	3	7	18
E197173884	李瑋婷	84	17	8	15	14	20	13	6	16	11	4	2	7	12	9	3	5	18	10	19	1
F193793345	沈慧玲	84	15	3	8	20	1	11	10	16	18	14	12	6	2	4	5	19	9	17	7	13
D294399609	楊旻利	87	6	3	1	17	13	7	2	20	16	18	12	8	4	5	15	11	10	14	9	19
A292398316	唐怡婷	86	3	18	6	12	9	13	10	7	11	17	1	19	20	2	14	16	4	8	15	5
F194742502	張兆祥	72	16	12	9	2	8	6	1	15	20	4	3	7	5	11	13	14	19	10	17	18
B291142240	錢培誠	80	8	12	16	13	1	3	14	17	2	6	11	15	20	10	5	7	4	19	18	9
B192672950	陸哲瑋	79	12	17	8	4	20	3	1	10	7	2	11	15	13	5	9	16	14	19	6	18
B291635606	郭俊喬	73	12	13	7	19	16	9	18	3	15	20	8	17	10	5	1	14	4	6	11	2
A293395417	郭怡惠	73	13	6	10	7	14	5	18	11	9	8	16	19	15	20	12	1	3	17	2	4
D297031177	王心怡	75	15	19	2	11	1	6	10	8	14	5	13	18	9	17	4	7	12	20	3	16
H292288483	尹科凌	89	3	7	2	1	15	8	17	18	13	16	12	4	10	5	14	9	6	11	20	19
A292096773	倪亞尹	69	13	1	14	12	18	3	11	5	17	8	7	16	19	20	10	6	2	15	9	4
E299467505	張奕翔	73	13	8	12	18	17	16	7	11	3	15	10	19	1	6	20	5	9	4	14	2
E197195228	楊有坤	68	19	1	5	3	2	14	18	8	12	7	4	10	9	11	16	6	17	15	20	13
B297726259	王彥凌	63	9	4	13	8	5	14	2	3	10	18	11	1	19	6	17	20	7	15	12	16
F198654272	陳家瑜	69	18	12	1	13	8	20	19	4	11	17	15	3	2	14	6	9	7	10	5	16
H299533712	蔡松仲	64	6	8	9	16	20	2	12	5	1	19	17	4	18	14	7	3	10	15	13	11
G294646062	梁湖盈	84	6	16	18	20	10	19	5	11	1	14	12	7	13	4	3	17	2	9	15	8
D195832816	林得禎	79	4	9	14	11	7	10	3	2	20	16	12	15	19	6	8	5	17	13	18	1
E294215501	黃吉筠	100	10	19	14	15	5	18	8	1	20	2	3	16	9	11	4	13	12	7	6	17
G192710254	江淑婷	94	4	1	13	20	7	19	3	12	18	6	2	10	5	16	14	8	11	17	9	15
A294065990	吳彥翔	66	3	10	5	17	7	4	20	19	18	15	16	9	11	2	6	8	14	13	12	1
D293184864	林沛瑩	75	18	9	1	7	2	11	13	20	17	19	12	14	4	8	10	3	15	5	6	16
E296674599	韓綺仰	81	12	8	4	2	10	7	3	6	1	13	15	17	16	18	11	5	14	9	20	19
D197528833	張筱涵	77	13	5	14	7	8	17	9	4	6	19	16	18	20	3	12	1	2	15	11	10
D193001019	張裕仁	71	12	4	17	20	13	6	5	7	14	11	2	9	18	8	10	15	1	3	16	19
G298370916	李裕翔	75	15	19	4	2	8	11	7	13	20	6	12	10	18	17	5	1	14	3	9	16
H195647286	余涵威	76	1	5	6	8	12	11	16	2	19	7	18	9	14	15	4	3	13	17	20	10
G298198147	鐘家瑋	86	8	6	18	5	20	13	10	11	12	15	2	3	17	19	16	1	9	4	14	7
F196522142	陳偉智	84	19	17	1	3	4	13	5	12	7	11	14	8	18	15	6	2	10	16	9	20
H198632643	詹夙凱	82	18	3	17	1	15	9	4	7	16	12	13	11	20	5	6	2	10	8	14	19
C297381117	蔡淑婷	72	14	18	4	20	15	8	7	9	11	1	3	5	17	16	13	19	2	12	6	10
A295551842	彭淑慧	85	9	16	10	6	7	3	5	14	1	17	4	8	18	15	11	13	12	19	20	2
H192629571	陳郁群	100	12	7	16	15	4	10	1	3	6	13	17	11	9	2	19	20	8	14	18	5
B296128508	陸宗翰	83	4	18	3	14	16	10	9	2	13	15	19	17	7	5	12	20	11	8	1	6
F191628569	楊宗琴	75	20	2	12	19	10	14	13	6	15	1	4	5	9	3	7	8	16	11	17	18
C291451825	陳侑儀	79	11	10	1	18	3	14	13	4	16	17	20	6	2	7	8	15	5	12	19	9
B194723512	劉得汝	75	18	9	6	17	16	1	15	4	20	13	14	3	7	12	11	2	19	10	5	8
A291079938	陳威孝	96	11	6	2	9	3	5	15	10	20	16	14	4	8	12	13	19	7	17	1	18
E297243963	劉憲恭	96	19	5	13	18	3	9	16	10	15	4	17	12	8	6	11	7	20	2	14	1
A196439656	林民容	64	13	11	12	6	10	3	9	17	5	4	19	15	18	8	16	14	7	2	20	1
E292421298	楊心蕙	64	6	9	4	17	10	3	11	16	5	15	7	12	1	13	2	19	8	14	20	18
G299254724	劉俊君	73	7	12	2	17	8	15	1	3	13	5	14	11	19	10	4	9	6	20	16	18
C194418919	吳宛蓉	77	3	2	16	8	20	12	4	5	15	19	10	17	1	11	6	7	13	14	9	18
C297565891	楊麗華	82	1	19	9	8	14	17	15	7	18	10	11	16	2	6	5	4	20	13	12	3
B192510633	錢千慧	92	2	11	5	3	19	13	12	4	20	10	1	17	9	8	6	14	18	15	16	7
G298643665	王建強	74	2	13	10	20	7	12	16	19	14	1	6	17	4	5	3	11	9	8	18	15
D291212874	高信亞	86	20	2	17	18	4	10	12	1	11	13	9	15	7	8	19	3	16	6	14	5
E294515088	蔡牧苓	75	11	17	15	2	3	8	5	12	19	16	7	9	4	14	20	6	18	10	1	13
F292144313	戴邦紋	70	8	20	18	1	4	19	10	17	3	2	14	6	13	5	7	12	11	16	9	15
A298935386	張馥凱	61	1	10	15	13	3	16	17	2	8	6	19	5	18	11	12	14	20	7	9	4
G292537122	陳志明	93	6	8	12	20	9	3	14	7	13	17	2	19	10	4	18	15	11	5	1	16
D299410685	楊萬貞	61	13	5	18	15	6	17	20	7	4	3	10	12	8	1	9	19	2	11	14	16
F299887080	陳瑋妹	88	12	11	7	8	5	10	3	14	13	16	18	19	6	2	9	4	1	17	20	15
D291616158	林玉全	88	14	1	13	12	5	11	19	2	20	15	3	9	17	7	10	4	6	16	8	18
E297440211	林嘉豪	65	10	20	8	16	4	18	11	15	7	5	17	2	6	1	13	3	9	12	14	19
C194729686	陳玉婷	63	17	10	7	13	4	20	15	8	12	1	19	5	18	6	11	2	9	14	3	16
G294239861	陳筱芷	79	13	12	20	9	17	11	18	1	19	16	4	14	10	15	8	5	6	2	7	3
A191563371	馮淑娟	100	5	12	10	14	6	1	3	18	4	20	19	15	11	13	2	16	9	17	7	8
C294927817	白雲鳳	81	3	5	11	14	10	19	2	9	20	7	4	16	15	8	6	1	12	18	13	17
A298383622	胡宣峰	81	2	17	9	13	4	14	6	1	5	20	12	16	19	11	8	10	15	18	7	3
F293629440	謝堯茵	81	18	8	10	19	13	16	2	4	14	17	6	11	7	1	15	5	12	3	20	9
E296683516	曹俊嘉	97	9	20	8	2	10	4	19	13	14	16	12	6	11	18	17	7	15	5	3	1
D193516220	林麗毓	99	3	16	19	17	5	10	1	2	20	7	14	6	12	8	4	15	18	13	11	9
E199889992	張博宜	88	10	14	2	20	15	5	7	9	16	13	4	18	11	6	12	17	1	19	8	3
H195905747	方明慧	87	3	17	9	4	11	10	13	18	7	5	14	15	8	20	1	12	16	2	6	19
A195262366	陳聖星	77	12	4	2	14	6	1	13	7	15	5	3	10	8	19	20	17	18	11	16	9
A197810155	黃冠俊	75	6	1	11	19	17	4	16	8	13	15	10	14	3	18	7	9	20	2	12	5
C196448540	林婷梅	73	5	16	1	18	6	15	7	20	4	13	8	19	11	10	3	9	14	2	17	12
E193754632	魏大鈞	79	13	1	20	19	9	14	5	11	4	2	18	10	3	6	17	15	8	12	16	7
C192011850	陳惠齊	88	1	5	12	3	6	18	7	15	2	9	17	14	8	11	16	20	19	4	13	10
G293038057	張偉玟	92	20	18	7	6	9	12	16	19	4	10	17	14	5	3	13	2	11	1	15	8
B192462801	劉宗翰	86	18	12	9	5	17	20	16	6	13	15	7	10	2	11	3	1	19	14	4	8
A299471934	張禹人	99	9	5	13	14	10	4	18	15	19	11	20	16	12	7	2	17	8	3	6	1
C194821710	林如韋	65	17	12	3	19	1	20	2	9	10	13	6	11	8	15	16	4	5	18	7	14
A193471278	黃建順	77	12	17	11	19	2	3	8	6	15	4	10	13	1	9	5	7	20	16	18	14
H296596771	黃雅如	81	8	17	10	12	2	9	7	20	14	15	18	6	3	13	11	1	4	5	19	16
E296188052	林郁星	86	12	9	5	13	18	6	19	20	3	4	10	8	11	17	14	15	16	2	7	1
G293067094	涂秀美	85	13	1	6	3	5	2	14	18	12	9	15	20	7	10	4	16	8	17	11	19
E295403694	謝佩侑	79	13	5	2	3	7	4	17	1	12	9	20	16	6	18	19	11	14	15	10	8
G292433147	林秀卿	71	19	12	5	3	7	11	16	20	1	8	2	4	10	17	13	9	14	15	18	6
F194885904	郭裕仁	90	16	7	19	3	14	15	18	2	10	20	17	4	13	1	5	12	8	11	9	6
G193879136	黃子香	74	4	6	1	14	12	17	13	2	5	11	9	7	20	3	15	18	19	16	10	8
D195585385	林秀恬	72	18	5	14	20	13	15	9	3	10	11	7	2	8	17	1	4	16	19	12	6
H291848789	李淑芳	92	12	8	10	19	2	1	3	17	15	7	18	5	20	11	16	14	13	4	9	6
E194861225	連佩君	83	2	20	5	19	18	15	9	17	4	13	8	14	3	1	16	7	10	11	12	6
G194941542	林冠宏	75	10	6	2	8	13	17	1	15	7	14	9	4	20	12	16	19	18	5	11	3
C195259165	劉美菁	91	19	8	14	13	10	1	12	2	3	17	6	15	4	9	20	7	11	5	18	16
C199958089	簡梅仁	96	2	1	8	19	12	5	18	16	7	10	13	3	11	6	9	17	14	20	15	4
E295387695	柳君昇	92	20	12	9	2	4	19	3	13	11	7	18	15	8	10	5	14	16	6	17	1
G194414746	林月臻	73	8	20	9	3	5	18	13	2	4	10	14	12	19	1	7	16	15	11	6	17
A197855421	鄭南恒	100	1	4	5	17	9	2	19	8	16	7	12	11	18	10	20	13	14	3	6	15
D194382380	元雅玲	81	15	18	3	8	13	20	6	9	17	12	2	1	19	14	16	10	11	5	4	7
C294451489	曾惠雯	85	5	3	17	12	2	16	20	11	8	1	10	13	18	6	19	7	15	9	14	4
G293057347	魯婉瑜	75	2	18	1	8	4	17	7	20	11	15	9	19	16	13	14	3	10	6	5	12
E199960214	張佳琳	73	18	9	15	11	14	10	2	5	13	19	20	6	16	17	1	8	7	3	12	4
C192171904	許智筠	81	4	11	9	5	1	12	8	17	7	6	3	13	15	19	16	20	14	2	18	10
E295761673	李孟璇	80	1	12	16	6	17	9	8	5	2	11	3	19	15	14	10	4	7	13	18	20
F192740724	黃慧英	74	12	11	4	7	5	9	19	13	15	8	6	1	17	20	16	14	2	10	18	3
E298502318	王莉喬	75	3	11	6	16	4	15	17	1	7	12	2	14	19	18	8	10	9	13	5	20
C199840000	陳建羽	75	6	3	16	20	5	17	10	2	14	9	8	4	12	7	11	13	1	15	19	18
G293384107	王聖利	80	8	15	18	3	17	6	11	2	20	9	14	7	12	1	5	13	19	16	4	10
D291360688	黃詩音	89	13	10	12	8	5	1	20	11	14	16	3	6	4	19	2	18	7	15	9	17
G197166050	張信宏	81	9	19	18	6	5	3	12	17	2	13	15	7	4	11	16	8	20	1	14	10
F298561907	許振憲	72	9	8	19	3	12	7	11	15	14	16	1	18	17	13	4	5	2	6	20	10
B197025602	呂鎮香	75	11	16	12	17	6	3	8	1	19	18	10	7	20	14	4	13	15	9	2	5
A294327315	高淑真	90	20	14	12	9	18	7	2	16	3	13	15	19	10	4	11	6	17	1	8	5
E291917008	吳宜君	85	19	2	14	13	6	16	20	18	17	5	1	15	10	11	8	3	12	4	9	7
C196662602	林裕云	62	3	16	2	8	9	4	19	20	10	5	6	7	15	13	11	17	1	12	18	14
F192354479	張琳友	67	20	2	12	11	9	4	6	16	17	8	18	14	15	7	10	1	5	13	3	19
C294643861	沈政翰	90	3	11	19	9	20	14	18	15	4	10	8	16	6	1	12	5	17	13	7	2
E298251263	黃翔幸	80	20	5	10	7	13	11	17	8	14	1	16	3	6	4	9	2	12	19	15	18
B297792235	周丞琴	71	12	9	10	13	14	7	1	2	19	18	16	8	4	5	15	3	11	17	20	6