D295172442	謝怡潔	85	2	4	5	8	9	7	14	18	19	12
F196069444	黃雅文	81	2	5	3	8	10	9	20	15	13	19
A196653763	賴怡瑜	90	2	4	3	8	9	7	13	15	19	16
H198662276	劉秀娟	81	2	3	5	8	10	7	15	14	12	19
C297574756	張耀羽	89	2	4	5	6	8	10	20	16	12	11
C197021838	王怡紫	79	1	4	3	10	9	7	15	19	20	17
D298211375	楊秀玲	65	1	3	5	6	8	7	12	16	19	14
F297767941	高志賢	94	2	4	3	9	10	6	14	18	11	16
A194465461	劉淑娟	71	1	5	4	10	8	9	11	12	19	13
G295494437	杜賢孜	76	2	3	5	7	6	9	16	20	12	15
H198790597	林琬婷	82	1	5	4	10	9	8	15	18	19	14
A299620464	陳雅雯	69	1	5	4	9	6	8	17	14	19	20
B295380880	楊文玲	78	1	4	3	9	10	6	16	12	20	17
F191493879	何佩蓉	73	1	4	5	9	6	7	11	14	19	12
E295157080	林子智	62	1	5	4	10	7	8	11	18	16	20
F197672374	林政駿	78	1	3	5	8	9	6	11	19	12	20
B295261111	林淑娟	80	2	3	4	7	10	9	20	13	11	15
F295006294	談淳易	62	2	4	5	10	7	8	11	14	18	12
D192357021	陳淑華	82	1	4	5	10	6	8	17	11	16	12
D297734511	林昆霖	72	1	5	3	10	8	6	11	12	17	15
B199458976	陳美士	88	2	5	4	8	9	7	17	18	14	19
F296886536	陳紹依	71	1	5	3	6	8	9	12	19	15	18
D192567509	李炳玄	82	1	5	4	8	7	10	16	17	15	11
G192673658	許法辛	88	2	3	5	8	9	6	12	17	15	19
F191359087	林郁亨	62	1	5	4	8	9	10	11	16	13	14
C195262439	鄭淑琬	82	1	4	5	7	9	8	15	13	12	11
F295552415	蘇惠婷	55	1	5	3	8	6	9	17	12	19	13
H196439635	姜世豪	78	1	4	3	8	6	10	12	17	20	11
A193902910	李建信	76	2	4	3	7	9	8	20	13	18	14
E198322201	林哲銘	79	2	4	5	8	9	10	13	18	20	14
F292360095	胡雅雯	66	1	3	4	6	8	10	20	15	13	16
H196200689	盧志明	68	1	5	3	10	8	7	18	16	12	20
D193606167	王惠敏	85	2	5	3	9	7	8	15	14	13	11
F199416865	張雅惠	66	2	3	5	6	10	9	16	11	13	15
D196804290	陳劭儒	75	2	4	3	7	8	6	15	20	14	17
H192378015	劉婉瑩	78	1	3	4	9	7	6	17	12	14	20
C193710727	鞠乃白	63	1	5	3	9	6	8	19	14	11	20
F292414945	葉淑芬	73	2	4	5	7	6	9	18	14	15	12
A192818884	宋丞善	82	1	3	5	7	8	9	16	17	20	12
G296333086	李虹學	73	2	5	3	8	6	7	19	18	14	20
H298055004	林淑如	71	1	5	3	10	7	9	11	17	13	20
G296726170	陳禹穎	88	1	3	4	10	7	9	13	15	14	18
F291822658	潘炳旺	94	1	3	4	10	8	7	20	14	16	17
A195082699	林政哲	83	1	4	5	7	6	9	13	14	20	17
C198570296	廖冠宇	89	1	3	4	6	7	8	20	12	18	11
H297666790	賴依婷	62	2	4	3	9	6	7	15	11	13	17
C198839110	林湘寧	74	2	3	4	6	8	7	13	16	20	14
A297401292	張長瑄	84	1	4	5	6	8	7	19	12	16	20
A299330778	林松泉	69	2	5	3	7	6	9	16	14	13	11
H295496094	陳麗坤	98	2	3	5	6	8	10	20	19	17	12
C199860173	周惠君	95	2	4	5	6	7	9	11	20	13	15
A191502903	吳明瑋	96	1	3	4	9	8	6	20	13	19	17
E193526049	何慧茹	80	2	4	3	6	10	9	19	13	18	15
A297001167	錢偉倫	75	2	5	4	10	9	7	15	17	13	14
F296831700	林靜琬	78	2	4	5	9	7	8	14	15	11	13
C295968689	蘇以年	100	2	3	4	10	6	8	19	13	15	20
B297270921	黃建佑	82	1	5	3	10	9	8	19	11	14	18
F297239577	王明軒	73	2	5	4	9	6	8	16	19	20	17
A193741471	王秀琬	75	1	5	4	10	8	6	15	18	17	14
H298846863	陳水全	77	1	4	3	8	7	9	17	14	11	15
A295621410	寇婉源	77	2	5	3	6	7	9	15	17	13	20
A191811318	張怡芬	77	1	5	4	9	6	10	11	15	16	20
E293773568	胡欣怡	61	2	5	4	9	8	7	15	12	14	16
B195296818	陳湘夢	84	2	3	4	6	7	10	17	20	19	15
B291351838	黃慧凱	79	1	5	4	6	8	9	19	20	12	17
D194199321	張淑貞	91	1	4	3	8	10	9	16	14	11	18
G294718401	陳彥均	91	1	3	5	7	8	10	12	20	18	16
B193099311	王民州	84	2	3	4	8	10	6	17	15	14	18
H291871957	周子傑	89	2	5	4	9	8	10	16	20	11	19
H191540017	王雅其	76	2	3	5	10	6	7	18	13	17	11
F295395312	林苡惠	83	2	4	3	7	8	6	20	14	15	12
A199576932	陳與峰	72	2	3	5	8	9	6	20	18	17	13
C297084506	楊麗珠	80	2	3	4	9	7	10	19	13	15	11
E191749508	張歡璇	93	2	5	4	7	6	9	15	12	14	19
C295731646	陳明韋	83	1	3	4	8	9	7	11	20	15	18
A198393206	林雅韋	86	1	3	5	9	7	10	13	11	12	15
C198443114	楊曼汝	81	1	4	5	6	9	10	18	20	15	14
G197565919	陳宜真	85	1	5	3	6	7	8	15	12	16	11
B295381145	許家冰	75	1	3	4	7	10	8	18	15	17	16
F298381301	王文達	62	2	5	3	9	7	10	18	11	13	19
A298644826	崔俊男	86	1	3	4	8	6	10	19	14	18	16
F191823877	柯潔枝	67	1	5	4	9	8	7	15	18	12	16
B199304713	潘海裕	76	1	3	5	9	7	8	16	15	14	11
F291150326	黃文青	70	1	5	4	10	7	9	16	18	17	13
C295338716	趙怡雯	88	2	5	3	9	6	8	15	18	11	20
D296696067	陳怡君	78	1	4	3	7	8	6	14	12	11	17
D293283997	劉怡正	84	1	4	3	6	7	9	20	18	17	19
F191054130	趙玲綸	72	2	5	4	7	10	6	15	16	18	17
E295990941	黃郁雅	100	2	5	3	10	7	6	11	17	13	20
A197495738	顏可弘	72	1	5	3	7	10	6	14	17	12	16
A292759220	謝于玟	91	2	4	5	9	6	7	13	16	15	18
G293587546	張成木	93	1	3	4	7	8	10	12	20	19	15
E199192001	許恆琴	59	1	4	5	6	9	8	15	12	20	14
H198311489	唐淑芬	77	1	3	4	7	8	9	11	16	15	18
D293088634	林安筠	85	2	5	3	10	7	6	17	20	15	19
G297068239	謝文恭	89	1	3	4	10	9	6	15	11	20	14
D197140599	黃志偉	80	1	5	3	9	8	7	20	15	16	13
E299019438	陳恆萱	76	1	5	3	7	9	8	11	15	18	12
B294208503	賴采真	78	2	3	5	6	9	10	13	20	14	12
A196060919	許芸萱	71	1	3	5	8	7	6	14	18	16	19
C296381775	林博芬	88	2	3	5	6	7	10	12	18	17	15
C197521771	林淑愛	76	1	5	3	6	10	8	19	13	12	17
B199835320	陳奕平	80	1	4	3	7	8	10	18	19	14	16
E193085034	盧欣怡	85	1	4	3	8	9	6	15	19	11	13
D298686274	吳貞蘋	85	1	4	3	7	9	10	12	17	18	15
E298559380	林育桂	84	1	3	4	10	6	8	17	19	11	14
F195706331	陳嘉怡	89	1	4	3	6	10	9	17	15	20	16
E192256744	吳宗茜	67	1	4	5	10	8	7	11	20	18	14
A196102574	杜勝恒	84	1	5	4	10	6	7	11	15	17	18
F192808249	陳軒天	61	1	4	3	9	6	8	11	14	13	18
E191294213	烏承賢	72	2	5	3	8	9	6	18	11	19	12
H297184293	李泓謙	88	2	3	4	10	9	8	12	11	13	16
D197741041	明偉倫	88	1	3	4	6	10	7	15	17	12	11
G295230559	張怡婷	86	1	5	4	9	8	10	16	19	14	11
C297923633	謝淳明	84	1	4	5	10	9	6	18	13	17	20
C299469356	丁博丹	67	1	5	3	7	10	9	14	16	11	12
B196577849	王碧雲	85	1	5	4	6	9	7	18	13	12	19
H198119823	張凱麟	79	1	5	3	10	6	8	17	11	20	18
G298556461	黃志翔	61	1	4	5	9	8	7	17	13	15	19
C192609994	蔡敏美	89	2	4	3	6	7	9	17	15	14	12
H194649893	彭玟延	73	1	3	4	10	9	6	14	12	17	20
D295373734	劉惠文	91	2	3	4	10	9	8	15	11	20	14
A294577744	陳惠如	88	1	3	5	9	8	6	20	14	18	19
A295360074	駱淑芬	69	1	3	5	7	10	9	17	12	16	11
E193647007	劉俊傑	83	1	5	3	10	6	9	18	14	20	16
E191692915	林秉勳	79	1	4	3	9	6	7	20	17	11	18
C195864853	黃馨伸	78	2	5	3	8	7	6	18	14	17	16
F193942311	王冠宇	79	2	4	5	6	7	9	16	11	14	18
F199201908	吳宛白	85	2	4	3	8	10	7	15	18	20	11
G298497412	李秀源	76	2	4	5	10	9	6	18	16	15	19
E291236133	陳怡文	78	1	3	5	10	8	7	11	14	12	20
F196179856	徐偉迪	89	1	4	3	8	10	7	17	11	19	12
D298496985	黎麗卿	83	2	3	4	9	10	6	12	11	20	15
A195541353	宋信豪	76	1	5	3	6	8	9	12	14	13	15
E191626975	林玉裕	76	2	4	5	6	10	7	14	19	11	17
F296625506	吳有瑞	64	1	4	5	8	9	7	16	14	18	12
F293472530	高康意	74	2	5	4	7	6	9	17	14	18	19
F295152700	李佩娟	66	1	4	3	6	7	9	14	17	19	15
D292061504	李冠伶	79	2	5	3	8	7	10	11	16	12	15
D192902982	賴韻如	87	2	5	4	10	9	6	11	13	20	16
G194271401	楊志遠	87	1	5	4	9	10	7	15	12	20	11
F297964128	田怡君	76	1	5	4	9	7	10	13	18	16	17
A197617903	郭家屏	83	1	5	4	7	8	6	19	18	15	16
F195422063	柯科美	68	2	4	5	9	10	6	17	12	13	11
C299881021	陳惠君	84	2	5	3	6	10	9	20	14	12	16
F293034576	黃榮娟	62	2	4	5	10	6	8	12	14	19	15
E192418593	王婷婷	88	2	4	5	8	10	7	18	20	19	16
F296682485	林玄聖	68	1	4	3	9	7	10	14	13	12	18
C194366894	王佳怡	83	1	3	5	9	6	7	12	18	11	17
A295805649	崔愛光	76	2	5	4	8	10	9	18	19	15	16
F292160362	邱漢華	91	2	3	5	9	7	8	18	16	12	15
E193554892	王喬中	67	2	3	5	9	8	6	17	14	12	11
E295562787	林宇韋	79	2	5	4	10	7	8	12	13	16	17
E197707308	蔡士豪	84	2	3	4	8	10	6	17	16	18	13
H197351854	蔡麗峰	95	2	3	5	9	7	8	14	19	18	11
G196549064	陳于婷	90	2	5	3	10	9	7	12	14	18	13
D297791383	黃昱行	58	2	3	5	9	8	7	13	17	11	12
G291966987	許孟璇	82	2	3	4	10	9	7	14	13	17	12
E196770343	許奕君	73	1	5	4	6	8	10	17	16	19	18
A194715368	林淑能	78	2	4	5	6	10	7	17	18	20	16
E191433569	諸祐順	87	2	4	3	10	8	9	13	19	14	18
D195819591	黃文沛	70	2	5	4	6	7	8	12	20	16	17
H193513090	盧岳紹	77	1	3	5	8	6	7	19	12	14	15
F291215279	王秀慧	94	2	3	4	9	7	10	14	16	12	13
G293484059	林宗儒	84	2	5	3	7	6	9	14	13	15	17
D197370711	蔡冠伶	77	1	4	3	10	9	6	20	14	16	18
E298436104	蘇祐貴	78	2	5	4	8	7	9	19	12	16	13
G299822660	王喬育	67	1	5	4	8	7	9	16	11	19	20
B294172508	黃詩雅	79	1	4	5	10	7	8	19	18	20	15
B299516742	邱薇啟	63	1	4	5	6	9	8	11	18	17	16
F198446074	朱立偉	89	1	5	3	8	10	9	12	14	15	20
C295273514	黃燦財	73	1	3	4	7	6	8	11	13	18	14
C199090680	劉育淑	81	1	3	4	7	6	10	11	15	17	18
H294141045	黃淑婷	69	2	3	5	7	9	8	19	13	14	15
B297036321	陳雅茹	77	2	3	5	7	6	9	19	11	18	17
A296036442	李俊原	83	2	3	5	7	6	10	13	11	15	19
F197024725	吳佩軒	88	1	5	4	7	9	6	14	15	16	19
D291119190	林雅珠	68	2	5	4	8	10	6	18	13	11	14
D191828754	謝義添	95	1	4	5	6	8	10	13	18	19	20
D194289026	張瑋山	95	2	4	5	7	9	6	20	13	19	18
E293854666	戴鴻如	70	1	4	5	8	7	6	17	11	15	16
C299127764	許瑞盈	71	2	3	5	9	7	10	15	17	20	12
D193010018	陸子豪	72	2	4	5	8	9	7	11	20	18	16
F298426949	陳淑娟	84	1	3	4	6	9	10	12	20	16	19
C198525531	瞿俊賢	99	2	4	3	7	8	6	12	18	11	15
F194865028	顏小妃	89	1	5	4	6	8	9	20	16	18	14
F198776193	劉俊明	78	1	3	5	8	6	10	12	16	11	17
C293554016	劉怡靜	75	2	4	5	9	10	7	19	18	14	16
B296570075	李彥璋	83	1	3	4	6	9	8	15	19	12	13
D297774088	曲俊男	79	2	3	4	10	7	8	19	16	14	20
E197702189	孫曼恒	81	1	3	4	9	7	10	20	18	12	14
F195882701	陳佳良	92	2	4	5	7	10	6	17	12	14	13
H297327690	鄭孝容	78	2	4	5	7	10	8	15	14	17	16
A292426600	許怡欣	94	1	3	5	9	8	10	11	19	16	13
B196914271	李佳毓	76	1	5	4	8	6	9	18	20	15	13
H291399110	劉冠輝	77	2	3	4	6	9	10	14	18	15	19
F197298065	王智山	77	2	4	3	10	7	8	12	15	18	13
G296200180	張豐延	83	2	4	3	7	6	8	18	13	12	19
F195471842	李尹勇	75	1	5	3	7	8	9	11	19	13	16
A198155537	李宜盛	89	2	4	5	7	9	6	16	15	13	14
D291229299	黎國中	97	2	5	4	7	8	6	16	14	18	20
E196050515	吳家良	74	2	5	4	7	6	10	17	15	12	16
F193413735	李政宇	91	1	5	3	7	9	8	11	15	17	18
G195304945	吳慧中	63	2	3	4	8	9	7	15	11	20	19
C298832882	王寶原	71	2	5	3	9	10	7	16	18	19	12
F297623613	倪舒婷	84	1	5	3	9	8	10	14	15	17	18
C295910227	林秀念	84	2	4	5	7	6	8	20	18	12	16
B295829364	姚聖凱	83	1	3	5	10	6	7	13	19	20	17
B291123496	楊緯紫	77	1	5	4	7	10	8	17	14	11	12
B195839939	姜揚枝	76	2	4	5	9	7	10	17	15	12	20
H295866185	時淑火	100	2	4	3	7	10	6	13	12	16	14
C193201090	許惠淑	75	2	5	4	8	10	6	12	20	15	17
C296299870	陳思宸	72	1	4	3	10	7	6	15	20	19	17
C291633201	陳雅娟	98	2	4	3	10	7	6	15	16	20	18
A295632253	陳昱城	67	1	3	4	7	6	10	18	19	11	14
G191870617	許淑吟	67	2	5	3	9	6	7	20	18	13	17
H296041404	錢育瑋	87	2	4	3	7	6	8	18	17	14	11
H295972982	陳士羽	77	2	3	5	9	6	7	14	15	13	19
G191940598	沈丹群	69	1	3	5	10	9	7	12	15	20	16
D199925714	賴昇延	80	2	3	4	10	8	7	14	13	19	16
A194588709	李怡佳	64	2	5	3	10	8	7	11	20	17	19
C197474286	林江韋	85	2	5	4	9	6	8	11	17	13	16
A295279283	吳豪勇	86	2	3	5	6	7	10	15	16	20	19
A198562532	李淑貞	81	1	3	4	7	9	10	17	13	19	12
F197946879	林淑芬	94	1	4	5	8	9	7	20	15	17	12
C191204271	周俊翔	82	1	5	3	10	9	6	15	20	12	19
D195375781	賴睿誠	81	1	3	5	6	10	9	15	13	16	18
A292658862	盧思豪	63	1	5	3	8	9	6	16	14	17	20
D299704413	洪昱廷	67	1	5	3	7	6	10	20	16	15	19
C193461041	蔡俊廷	88	1	4	3	10	7	6	17	20	13	18
A295450019	王秀行	80	2	3	5	10	7	9	18	15	17	11
C198838042	呂崇航	82	1	4	3	10	9	8	19	11	13	16
D297991785	林鈺亨	61	2	3	5	10	9	7	14	18	12	11
E193464044	葉孟穎	88	1	3	4	9	7	10	20	18	15	13
E197681818	林怡博	64	1	5	3	9	10	8	12	16	19	11
A192091356	王玫蓉	91	1	5	3	7	10	9	19	17	14	12
E298788032	林堅佳	75	2	4	5	6	10	9	12	11	15	19
F196121930	劉怡如	80	1	3	5	6	10	9	20	19	15	11
G192184236	羅鎮輝	85	2	5	4	7	9	6	17	18	20	15
E297039343	陳品倩	82	1	5	4	10	9	7	15	18	12	16
E296538132	袁京哲	84	2	4	3	9	8	6	12	11	14	18
A299816086	鄭冰全	89	2	3	5	7	8	10	16	13	15	12
F193685375	張慧茹	61	1	3	5	7	10	9	15	17	19	18
H294627175	黃文修	76	2	5	3	8	7	9	14	17	15	18
F199920015	曾裕翔	91	2	4	3	10	7	6	18	14	11	16
F294202961	陳民星	77	1	5	4	9	7	8	20	18	15	14
F191007337	劉鈺婷	92	2	4	5	8	6	9	11	16	14	19
H197629231	黎佩君	93	2	4	5	8	7	9	20	19	16	12
A291625770	孫韻如	80	2	5	4	7	8	6	17	11	18	13
D292319710	楊淑婷	73	1	3	5	9	8	7	17	13	15	12
G293299443	高孟君	91	2	5	3	9	10	7	15	11	13	16
F191567598	陳旭茵	70	2	3	4	8	10	7	16	12	18	14
D194085591	李志成	68	2	4	3	6	7	9	20	11	14	13
A197060226	黃淑貞	85	2	5	3	6	10	7	14	19	18	16
F197421322	蘇珍康	68	1	4	5	8	7	9	20	11	14	17
D192671820	陳冠旭	96	1	5	4	9	8	10	15	12	19	17
A194597191	張宗翰	83	1	3	4	8	7	9	18	14	20	12
C296364505	林柏宏	77	1	4	3	8	7	9	15	17	14	18
A196049705	許子春	74	2	3	5	8	10	7	11	15	17	16
H193455548	林彥香	84	2	3	5	9	6	7	12	16	20	17
F299179958	陳柏聖	67	1	5	3	6	10	9	19	11	17	18
H291605042	謝淑芳	74	1	3	5	7	8	6	13	15	14	20
B294725876	何婷正	94	1	4	3	9	7	6	20	14	19	16
F194387289	孫美慧	67	1	4	3	9	10	6	19	14	18	13
E292924418	楊志強	83	2	3	4	6	7	8	16	20	13	14
C297526938	陳政成	81	2	3	4	9	10	8	16	11	20	13
A198103033	吳孟修	78	1	3	4	10	8	6	12	15	17	14
E297318045	陳倫妍	100	2	4	5	10	9	6	18	13	14	11
B297372000	蔡凱婷	75	1	5	4	7	6	10	14	12	11	16
D292105029	李珮誠	91	2	3	4	7	10	6	15	13	12	16
F298145216	鄧佑霖	98	2	3	4	9	8	6	18	13	12	14
D196752737	邱佩珊	97	1	5	4	9	7	6	13	19	17	18
C192783557	陳佳伶	82	1	3	4	8	10	9	16	20	18	12
E195171748	張怡婷	89	2	3	4	7	6	8	11	15	14	19
G194429514	胡靜如	60	2	3	5	9	7	8	13	14	18	20
D193851902	蘇亭啟	90	2	5	3	8	9	7	12	17	13	20
B294470465	杜惠珠	73	2	4	5	7	9	10	20	14	11	16
E291037998	吳俊純	81	1	4	5	7	6	9	14	16	17	18
A198634962	陳新月	60	2	3	4	6	8	7	13	14	20	17
C298664839	洪伊韻	77	2	5	4	7	6	10	12	14	16	18
A291765797	李明其	83	1	4	3	9	8	10	18	12	19	14
G193108034	陳怡萱	77	2	4	5	8	7	10	19	14	20	18
C194778901	黃彥伶	89	1	3	4	8	6	9	11	13	20	12
A294066764	柳春欣	71	2	3	4	8	9	10	13	12	15	17
E298878899	楊曼瑞	73	1	5	3	6	8	7	20	16	15	13
E192889949	蘇雅辰	72	2	4	3	8	7	6	20	16	11	19
A295417005	鄭麗軍	73	1	4	5	7	10	6	16	15	18	20
D297117574	林嘉湖	77	1	4	3	6	8	9	20	18	12	17
A293529548	郭雅鑫	100	2	3	5	9	7	8	11	14	19	20
C191366052	劉淑玲	83	1	5	3	6	10	7	13	18	15	16
E295894462	郭佳欣	88	1	3	5	6	8	7	15	14	12	16
G199063383	黃國心	84	1	3	5	10	8	6	12	15	16	17
H197395767	吳冠雪	67	2	5	4	6	8	7	18	11	15	17
F296388188	吳明惠	80	2	3	5	10	6	7	11	13	12	19
F198463600	曾俊吉	75	1	5	3	6	9	10	19	17	20	15
F293719403	蔡智偉	79	1	4	3	9	6	7	13	16	19	15
G194534976	詹孟儒	72	2	4	5	7	9	10	12	20	14	19
F299167332	陳懿佐	85	1	4	5	6	9	10	11	18	13	14
D299621473	蘇浩胤	88	1	5	3	8	10	7	17	13	14	15
C195474126	曾芃屏	82	1	5	4	8	9	10	17	12	19	20
H293392459	吳任苓	75	2	3	5	9	8	6	20	12	13	14
D295711976	鐘淑珍	64	1	5	3	8	6	9	12	18	13	20
D291937438	沈其綠	83	1	3	5	7	6	9	18	11	17	16
F197705681	王郁婷	79	1	5	4	9	6	10	19	20	11	17
A299684986	楊淑育	79	1	5	3	8	7	6	15	20	14	17
A194728767	王思婷	75	2	5	3	8	7	9	15	18	14	17
B194490072	張妍堅	76	1	4	5	10	6	7	18	19	11	17
C196698059	張伶政	80	2	5	4	9	7	6	15	18	13	20
G294156938	陳英傑	86	2	5	4	7	10	9	20	13	15	12
F299772208	黃政儒	87	2	4	5	6	7	10	13	16	18	17
A192106932	林益燦	72	1	3	4	7	8	10	18	17	20	19
D194382380	許和容	70	1	3	4	10	7	9	12	19	16	14
C294943151	蘇珈文	82	1	5	4	10	9	8	19	14	16	15
D299195674	王郁佩	78	1	4	3	9	8	7	17	13	20	15
H195193612	唐湘維	76	1	5	4	10	6	9	19	16	12	11
E194212204	林晏能	74	1	4	3	8	7	6	17	19	15	12
D192245820	耿啟順	82	1	3	4	9	7	6	20	14	12	18
H196292865	賴佩芬	79	2	3	4	9	6	7	11	14	19	13
D194748002	許慧婷	73	1	5	3	10	6	7	17	11	20	15
A192365511	蔡士鑫	77	1	5	3	10	9	8	17	11	18	20
E292220371	吳思貴	65	2	4	3	7	6	8	14	20	11	18
C191127788	王方來	86	2	3	5	7	6	8	18	20	17	13
F198401860	秦明憲	75	2	4	5	10	8	7	18	14	20	15
A294212060	陳政喜	91	2	4	5	6	8	10	14	16	11	19
H299103456	程瓊慧	78	2	4	5	7	6	9	16	12	18	14
F299953669	林靜如	83	2	4	3	6	8	10	20	12	16	13
E192807107	賴蘭定	75	2	5	3	6	7	10	12	15	18	20
C195237954	蔣士哲	82	1	4	5	9	10	6	14	12	16	13
A296078664	王智音	85	1	3	4	7	9	10	18	19	12	11
H198468054	藍仰岳	91	2	3	5	7	10	6	15	14	18	12
D197145834	鄭吟邦	93	2	5	4	7	8	9	17	13	18	11
H198383672	鄭琬燦	99	1	4	3	6	10	8	14	15	13	11
F297772059	趙裕仁	90	1	4	3	6	9	8	17	20	12	14
H199894414	陳禹祥	59	2	5	4	6	10	9	17	19	16	11
C195612386	李雅慧	110	2	4	5	10	8	6	14	17	16	18
E294252951	謝向彥	90	2	4	5	9	7	8	17	18	11	12
G293826753	葉佩珊	91	1	4	5	10	7	8	18	17	11	12
B297503765	吳柏菱	84	1	3	4	9	7	8	13	15	19	12
E295184827	牛小恭	82	1	5	4	7	6	8	12	14	16	18
D194423993	吳文海	84	1	4	5	10	6	9	15	18	20	19
C298607870	林瑜白	91	1	4	3	7	10	6	14	13	15	11
C195697496	張大鈞	82	1	5	3	9	8	6	12	15	13	16
B299040225	黃美任	89	2	5	3	10	7	9	17	14	19	16
B197403151	吳信雯	88	1	5	4	6	10	9	16	13	14	20
A292074491	吳育維	93	2	5	4	8	9	7	16	12	13	17
G193733653	陳姵隆	65	2	4	3	9	10	8	13	18	20	12
E295356690	楊雅玲	86	2	3	5	9	7	10	11	15	17	14
C199070866	陳穎卉	78	2	4	3	7	10	9	13	14	12	16
H298594015	鄭韋水	89	2	5	4	8	6	7	12	18	20	13
C199628228	蔡哲瑋	71	1	4	5	6	8	10	14	13	18	17
F197444674	陳明憲	55	2	4	5	7	8	6	13	16	17	19
D295297962	周怡宜	76	2	3	5	7	8	10	16	14	11	17
C199563624	李俊妤	80	2	3	5	8	7	10	18	19	17	14
D293604094	陳玲夫	90	2	4	5	10	8	7	15	18	11	16
A196769248	蔡宜芳	90	1	4	5	7	6	10	18	13	19	12
F199416829	張鈞意	82	2	3	5	6	8	9	17	20	16	14
G198297198	晏人岳	66	2	3	5	6	9	10	15	12	17	13
E198712349	杜美玲	110	1	4	5	9	6	7	18	15	11	19
H191612509	李佩蓁	91	1	4	5	6	7	8	20	18	17	12
H292027837	劉怡芷	83	2	5	4	6	9	10	15	17	19	16
C195213267	呂婉玲	77	1	4	3	7	8	9	14	13	17	18
A298626784	李靜宜	90	1	3	4	6	8	9	16	17	18	20
C296753271	蔡欣怡	75	2	3	5	10	6	7	12	13	15	19
C195721497	蔡珍卿	77	1	3	4	9	7	10	19	16	12	20
A296196658	張鈞書	68	2	3	4	9	8	6	16	17	13	11
C198502618	林明幸	83	1	3	4	7	9	10	18	19	16	15
A196140083	劉怡旺	68	2	5	4	10	9	8	15	18	12	13
E294465065	陳肇昌	87	2	3	4	7	6	9	18	11	13	20
C299345771	許喜江	82	2	4	3	9	6	7	14	17	18	13
B194468669	鈕淑玲	82	2	3	4	9	10	6	11	14	17	12
H294470578	蔡小文	85	1	5	3	10	6	9	12	11	14	20
G192426060	劉政儒	82	2	5	3	6	7	10	12	18	14	11
D193426749	劉佳修	78	2	4	5	7	8	9	17	14	15	16
E193442762	陳旺岑	90	2	4	3	10	8	9	13	20	19	17
C191528196	陳美忠	66	1	3	5	7	8	6	19	11	13	12
A192793533	陳紫筠	73	1	5	3	8	7	10	15	18	14	13
G299673078	吳佩元	84	2	5	3	7	10	6	13	14	11	19
G197053085	楊瑋維	72	2	4	5	9	7	6	20	16	14	17
B194938442	林俊宏	86	1	5	4	9	7	6	20	17	15	16
D292633420	周東琪	70	1	5	4	7	6	8	18	12	15	11
H293450027	林宜霞	100	1	3	5	8	6	9	11	12	15	19
C191447392	林軒燦	58	2	4	3	6	7	10	13	17	19	20
D198034474	徐柏勳	93	2	3	4	9	10	8	17	14	19	11
F293685902	黃淑貞	98	1	3	5	7	6	9	15	16	19	20
C294138490	葉建宏	89	1	5	3	8	9	6	15	18	12	17
G191034666	林文祥	78	2	4	3	6	9	7	19	20	18	11
B193607448	陳志強	86	2	5	4	9	7	8	17	19	15	18
B291469666	謝康順	97	1	3	4	6	9	7	12	17	11	13
B291243671	李鴻善	69	1	3	5	8	6	9	19	13	16	17
C199319055	李歡函	89	1	3	5	8	6	10	11	14	12	18
H192694783	顏昭倫	90	2	5	3	7	10	9	20	11	16	12
E294568490	陳怡禎	77	1	4	3	8	9	7	18	15	12	19
C197175288	蔡明雲	85	2	5	3	9	6	8	14	18	12	13
C294442524	黃冠雅	92	1	3	5	8	7	6	16	17	12	19
E191759764	宋善喬	78	2	5	3	10	9	8	15	16	14	19
D192863837	杜妍青	61	1	3	5	9	6	8	15	18	17	19
H197589554	蔡冠傑	86	1	3	4	10	7	8	15	16	18	20
D191616923	袁曉萍	91	1	5	3	7	10	6	19	14	18	13
H295626038	林雅貞	85	2	3	5	10	9	8	20	12	18	17
F198230263	蔡宜孝	83	2	4	3	7	9	8	19	14	13	11
F296347641	李志明	97	1	4	5	9	10	6	13	20	12	14
B197786422	謝喜以	96	2	4	5	9	10	6	17	14	19	20
H191416561	涂艾欣	82	1	4	3	9	8	10	13	11	15	12
F197846785	張俊吉	78	1	3	4	6	10	7	12	11	14	15
F191156166	潘俊賢	85	2	5	3	9	10	6	18	13	19	14
C198296375	朱嘉偉	100	2	4	3	8	7	9	15	17	20	11
G199109697	王淑珍	75	1	5	4	6	8	10	19	15	16	12
B293829035	劉思涵	90	2	3	5	6	7	10	17	18	16	11
D293508784	劉鴻芝	93	2	5	4	10	6	8	11	13	15	18
H293461511	賴家瑋	95	1	3	4	9	6	8	13	14	16	15
C197084362	王宜靜	95	2	3	4	10	9	7	12	16	17	14
A296228182	吳玟政	90	2	5	4	9	6	8	11	13	20	16
H297511656	吳秋音	79	1	3	5	6	7	8	19	14	11	18
G295433238	曹政哲	81	2	5	3	10	9	6	12	14	18	20
H196474223	林晏伶	90	2	3	4	9	6	10	16	13	19	15
A192240788	徐為娟	75	2	5	4	7	6	8	12	11	14	13
G298363591	郭怡和	93	1	4	3	6	9	8	15	19	20	14
E293108061	尹漢佐	71	1	5	4	6	8	7	18	17	11	15
H194040612	姚常宇	81	1	4	5	7	6	10	20	12	19	14
D193634483	鐘智傑	72	1	4	5	10	6	8	16	13	11	18
C298961164	陳嘉宏	76	2	3	4	7	6	10	12	20	19	14
D193169043	阮伶智	79	2	5	3	10	8	7	12	16	20	18
G296693167	林建純	81	2	5	4	10	6	8	18	12	16	20
A292318103	顏俊維	92	2	5	4	7	10	6	12	11	20	16
C191129095	孫湘彬	67	1	5	4	6	8	10	19	13	11	14
B292156408	盧智文	70	2	5	3	8	7	10	16	17	19	20
G196976525	周允信	69	1	3	4	7	10	9	11	13	15	19
G196033892	王欣怡	80	1	3	4	6	9	7	15	16	19	12
A294662391	鄭慧玲	66	1	5	4	8	6	9	20	15	16	14
A293426113	吳昕蕙	91	2	4	3	6	8	9	11	13	12	15
C295758576	林菁樺	88	1	3	4	10	6	9	19	17	12	15
D299176204	陳善全	88	1	5	3	10	9	8	14	16	13	17
E198920350	李胤法	78	1	4	3	6	7	8	15	13	17	16
A297540543	李嘉文	84	1	5	3	10	6	8	19	17	12	15
H199445984	賴敏琦	73	2	4	5	7	6	8	20	18	11	15
C292558994	陳銘蓁	84	2	4	3	7	9	10	14	19	15	16
C198469930	黃政元	82	2	5	4	8	7	10	20	15	14	12
D191897857	郭皓山	72	2	5	4	9	10	7	13	11	17	16
H191086438	陳耀中	91	1	5	4	8	6	7	15	19	14	18
B196507696	張雅雯	89	1	5	4	9	8	10	13	20	18	16
G195175793	裴國維	85	2	3	5	9	10	6	12	18	13	19
G298995511	蕭彥霖	93	2	3	5	7	6	8	14	16	17	15
G195822411	蔡筠祥	65	2	4	5	6	9	10	16	14	15	11
A295500345	巫育萱	76	1	3	5	10	6	9	18	13	14	16
G291211469	李堯卉	65	2	5	4	7	8	10	13	14	16	11
E191338587	張淑芬	80	2	3	5	6	10	9	18	12	16	15
D293186297	羅怡伶	92	2	3	4	6	7	10	17	20	13	15
B194747905	陳石紋	83	2	3	5	10	8	7	18	13	20	14
E194793928	陳品修	74	1	4	5	10	6	9	16	17	20	19
H191785712	許佳瑩	82	1	5	4	8	6	7	11	15	14	19
B198253824	吳姿心	57	1	3	5	10	9	6	14	15	17	12
A195569271	謝哲瑋	81	1	4	5	9	7	8	14	19	17	20
H295804050	林子聖	100	2	4	5	8	9	10	18	14	11	13
B198008365	鄧鈞凱	76	2	3	4	8	7	9	18	20	17	13
A295975584	鐘家宏	81	1	3	5	8	7	6	17	11	12	19
G191973533	陳茹嬌	80	2	4	5	8	6	10	15	18	11	16
A297294840	沈翔元	78	2	4	3	10	7	6	12	13	15	14
E294135599	鄭威廷	86	2	5	3	10	8	7	15	18	20	16
H192336035	李俊宏	96	1	5	3	9	10	8	15	16	17	13
F293623224	鄭家綺	90	1	3	5	7	6	10	12	16	20	19
C296161291	陳友木	77	2	3	4	9	7	10	17	15	13	14
B199596248	張文彬	56	2	4	3	10	8	7	14	12	20	15
H292072654	齊美岑	95	2	3	4	9	7	6	13	11	18	17
B196539830	羅威宇	84	1	4	3	9	10	8	19	18	11	20
E293445694	張名君	86	2	5	3	6	8	9	18	15	20	12
D194089768	張健忠	90	2	3	4	10	6	7	15	13	14	19
H294783043	林健豪	73	2	4	3	8	9	10	16	15	12	20
B291820954	陳曉易	91	2	3	5	8	9	10	13	16	19	11
F296371772	賈思賢	99	2	3	4	6	9	7	19	17	16	14
D294701716	徐慧君	71	2	5	3	6	7	9	12	13	18	17
E191795617	孫培芷	82	2	4	3	7	8	9	18	16	11	17
D196865373	謝依婷	79	2	3	4	8	10	6	20	11	17	13
G294222008	苗夙燦	78	1	5	4	9	7	6	14	13	19	17
B197338177	郭怡亨	88	1	5	4	8	9	6	11	15	17	18
F196424374	蕭江嬌	68	2	4	3	10	8	6	11	12	17	13
E291321342	曹淑惠	81	1	3	5	10	9	7	18	11	13	15
H195472243	汪惠雯	87	1	4	3	6	7	9	15	14	13	11
E298326578	林淑慈	87	1	4	3	6	8	9	11	20	15	16
B292148531	駱禎生	82	1	4	3	8	10	6	13	19	18	12
A294866175	林瑋依	96	2	4	3	6	7	9	18	16	12	11
H193523201	林修雲	81	1	4	3	6	7	8	18	15	14	19
A194470239	王永天	87	1	5	3	10	8	7	13	12	19	11
E195159199	方吟嬌	81	1	4	5	7	6	8	17	15	19	20
H197765278	戎惠玲	81	1	4	5	7	8	10	15	19	17	11
D193745392	竺恭法	56	2	4	3	9	6	8	17	18	19	13
C191777644	黃明憲	73	2	4	5	9	7	6	11	12	18	13
E197701600	吳孟利	69	1	4	3	9	10	7	20	12	17	18
C291787802	黃志明	78	1	3	5	9	6	8	15	12	19	11
G292790058	梁雪蓉	90	1	4	3	9	6	8	17	19	15	18
C294788310	黃冠宇	73	1	3	5	9	10	8	14	16	13	17
E295014811	張雅香	80	2	5	3	6	7	8	20	15	13	14
C299323364	張維凡	71	1	5	3	6	10	8	14	20	11	12
G295914701	郭樂善	87	1	4	3	10	6	7	20	12	15	19
C297687472	吳孟一	89	1	4	3	9	6	10	13	11	19	15
C299617978	胡筱婷	64	1	4	5	10	8	6	16	17	18	11
E193295147	高佳儀	72	1	4	3	8	9	10	13	16	15	18
B299922580	隆柏翰	62	1	3	4	6	8	7	12	18	16	17
C299540810	謝元淳	76	2	4	3	9	10	8	15	19	12	20
A292484737	廖珮如	71	2	5	4	8	10	9	14	18	11	19
E292570250	郭欣瑜	86	1	4	5	10	6	7	13	12	20	19
F297850807	黃建宏	93	1	3	5	8	9	10	16	14	17	11
B196799523	陳佩珊	100	2	5	3	9	8	10	14	18	19	13
H194639002	張凱岑	80	2	4	5	6	10	9	18	13	11	17
D199882367	黃正娥	100	2	5	3	7	9	6	16	18	17	12
G292070720	何少娥	71	2	3	5	10	7	8	18	14	16	19
A297974816	余武姍	81	1	3	5	6	7	10	11	20	13	14
B292491199	吳怡婷	74	2	5	3	10	7	9	13	18	19	16
E291937475	劉建屏	82	1	3	5	6	9	7	17	12	15	20
A291997539	林彥翔	85	1	3	4	8	6	10	11	18	16	19
G292702067	曹玉玲	85	1	3	5	7	6	10	19	20	12	14
E191046511	詹祥睿	83	1	4	3	8	6	10	19	16	13	14
E296175368	王文豪	72	2	3	4	10	8	9	17	11	16	20
D296561087	林承書	82	1	3	4	7	8	10	20	13	16	12
B199174448	楊曉薇	64	1	4	5	10	9	8	15	16	11	19
C299366154	謝麗治	80	1	3	4	10	6	7	19	15	12	14
G294115820	陳峻豪	86	1	4	5	7	8	10	19	14	13	17
A191298557	李世昌	76	1	4	5	10	9	8	16	13	12	20
D295910933	蔡俊穎	79	2	5	3	7	9	6	14	13	15	11
C197427625	張玉福	84	1	4	3	8	10	6	19	20	18	12
G195278753	陳石娥	83	2	4	5	8	10	6	14	16	20	13
E198963604	羅博海	68	2	3	4	10	6	8	13	20	14	15
B196842485	蔡佩宣	93	1	4	3	8	10	9	17	13	20	19
D292482978	張茹亞	69	2	4	5	6	10	8	12	18	17	13
H192259999	黃常蓮	66	2	4	3	8	6	9	13	20	15	17
B291346659	郭政儒	68	1	5	3	10	8	9	15	18	19	11
C299799368	胡仰軍	80	1	4	5	10	6	7	11	17	19	12
G296589453	蔡俊賢	76	1	4	5	10	7	8	16	19	17	20
B297746948	金京城	63	2	4	5	7	9	10	11	14	13	16
G295853614	李陽珍	66	2	4	5	6	9	8	11	19	20	14
G198780152	郭淑君	72	1	3	5	10	9	6	19	16	15	18
H196124648	柯芃珊	93	2	5	4	10	9	8	19	12	18	11
E192486028	李韋燕	76	1	5	3	8	6	10	15	18	19	20
E197978316	林于成	96	2	4	5	8	9	7	17	19	13	12
F299872534	劉淑其	81	2	3	4	10	9	8	13	11	16	15
G296382972	陳子揚	85	2	4	5	10	7	6	16	11	13	19
G191903344	黃彥惟	55	2	3	5	9	7	10	11	16	20	19
E192379546	劉靜怡	76	1	5	3	10	8	9	19	20	14	17
E295544770	張佳伶	69	2	5	4	7	8	6	13	18	12	11
A197352845	吳祖城	67	1	4	3	8	10	6	17	11	15	12
F294849277	範富航	68	2	5	3	9	10	6	11	18	17	12
E292721739	黃玉婷	89	1	4	5	7	6	10	19	17	16	18
G196250651	蔡姿君	84	1	5	3	8	6	9	18	20	17	12
G292366589	張禎瑋	76	1	3	4	8	9	10	15	12	17	16
D192700513	連文傑	62	2	3	4	8	7	10	17	14	16	18
F295471086	蔡欣希	71	1	3	5	10	8	9	14	13	16	11
H199378068	林恒意	80	1	4	5	9	8	10	13	11	15	16
E197645769	蔡宛儒	92	1	5	3	10	7	8	17	11	13	15
C293811178	陳虹修	67	2	4	5	6	8	7	15	14	13	16
A299362396	周漢蓁	69	2	5	3	10	8	6	17	13	20	15
D196310711	杜家維	74	1	3	5	9	10	8	18	12	15	20
C294829138	許子翔	81	2	4	3	10	6	7	17	12	20	16
G295291169	魏凱文	74	1	5	3	7	9	10	20	18	17	19
G192416788	仇松洋	81	1	3	5	8	6	10	13	20	18	11
G194415850	王俊成	81	2	4	5	10	6	9	16	15	19	14
C299401934	童陽邦	85	2	4	5	9	7	6	18	13	12	20
C292474466	程涵芸	66	1	4	3	6	7	9	19	14	17	13
E195758978	劉育富	59	2	4	5	9	10	8	20	19	12	13
A293068031	鄭穎臻	71	1	4	3	6	9	8	19	12	20	11
E297133373	張法孜	85	2	3	4	10	7	8	12	16	17	11
C292703177	余哲新	87	2	5	3	8	10	7	19	17	11	14
B296081546	賴其文	80	1	5	3	7	8	6	15	12	16	18
F193168691	林芳妤	100	2	3	5	9	7	8	20	12	18	15
G195967675	林佳珮	80	2	3	4	8	6	10	20	11	12	16
E195394027	周淑媛	99	1	3	5	6	10	9	16	15	11	12
C195796636	周振豪	75	2	3	5	9	8	6	12	17	20	13
F194648670	潘宇軒	80	2	3	5	6	8	7	12	17	13	20
A191251394	涂惠玲	82	2	4	5	10	9	8	19	12	18	13
H191234201	楊志宏	82	2	3	5	7	8	6	11	19	13	15
E196239810	邱憲蘋	92	2	3	4	10	9	7	14	18	20	15
H193870296	郭淑芳	91	1	3	5	9	8	6	15	16	19	11
E299415001	翁喜順	75	1	5	3	8	10	7	12	17	15	11
F198212934	黃婷寶	73	1	5	4	9	6	10	19	16	18	11
D292427093	陳虹吟	54	2	4	3	10	7	6	13	11	14	15
D297634294	李冠廷	95	2	3	4	8	10	6	17	13	14	15
F195451439	蔡敏綺	79	1	3	4	7	8	10	19	13	16	11
F292425019	黃辰堅	67	1	5	4	7	6	8	18	13	17	15
H299617473	胡偉銘	61	1	3	5	10	7	9	19	11	14	17
B292737270	樂凡琴	81	2	4	3	9	10	8	18	14	20	17
G292312143	高政宏	60	2	3	5	9	7	6	14	16	19	18
F192669733	黃又潔	81	2	4	5	6	7	8	14	11	20	18
B295823013	林國劭	81	1	3	4	7	6	9	14	15	11	13
E299887061	張其海	89	1	3	4	6	8	9	19	14	20	17
C293579193	沈牧星	82	1	4	5	9	10	7	14	13	16	20
A294617967	丁美珍	74	1	5	4	6	10	7	16	19	17	18
B193424467	姜俊毅	61	2	5	4	9	7	10	19	16	17	14
A195681978	劉育均	76	1	3	5	6	8	7	16	12	11	14
E194182872	吳秋輝	79	2	4	3	9	6	8	18	15	13	17
G291625981	馮思潔	87	1	5	4	10	8	6	18	13	16	17
F196579543	邱禹來	88	2	3	5	10	9	6	15	13	14	20
B292331303	林雅忠	83	1	3	5	10	6	9	18	19	12	15
E198808555	蔣紀正	82	1	5	3	9	8	6	13	11	19	15
G193458539	謝易茂	64	1	3	5	10	7	9	14	17	16	19
C296300494	陳信欣	81	1	3	4	6	8	10	19	15	17	18
H292925767	鄭晉強	85	2	3	4	10	7	8	16	20	14	17
E294269438	阮瑋倫	80	2	5	3	6	8	10	19	17	14	12
E197663365	李憲劭	74	1	3	5	8	9	10	20	19	14	15
B192699022	柯沛剛	86	2	5	3	6	9	8	12	16	17	13
E196357804	鄧淑志	81	2	4	3	9	7	6	13	12	14	20
C191640884	陳雅雯	100	1	4	3	7	6	9	18	11	16	17
G297932887	王玉卿	76	1	3	4	9	10	8	16	12	11	14
H293565345	李思昇	78	2	3	5	8	6	7	12	15	20	13
H198921869	黃哲綺	70	2	3	5	8	7	6	18	19	14	20
H194821804	賴宜君	69	2	5	3	8	10	9	18	12	17	16
E196916527	張麗卿	85	1	5	3	7	9	10	19	14	18	20
D196424989	李希夫	69	1	3	4	7	10	6	18	17	13	12
G298950496	宣亞富	90	1	5	3	7	10	9	19	18	20	11
A191475796	林曉桂	83	2	3	5	9	10	6	16	20	13	11
B296108695	黃麗定	95	1	5	3	10	9	6	11	12	17	19
H294097926	陳婉婷	52	2	3	4	10	7	9	16	17	12	15
D199067593	許群甫	77	1	3	4	7	8	10	11	16	18	15
C195799146	王雅琳	76	1	3	5	6	8	7	11	17	13	19
A298000931	白美玲	71	1	3	5	8	7	10	17	19	20	11
D193126315	林人水	75	2	3	4	9	6	10	15	17	12	13
F291594300	吳明羽	79	1	4	3	8	6	9	14	13	11	17
C198589857	許孟哲	93	1	4	5	9	8	7	19	18	15	17
C191954561	陳虹平	85	2	5	3	6	8	9	18	14	11	20
C294858764	黃胤梅	85	2	3	5	9	8	6	17	11	15	19
F193852830	宋合丹	77	2	4	5	8	9	7	19	12	14	18
A192268606	劉偉智	69	1	4	3	6	9	7	15	11	14	19
A294265696	陳筱政	87	1	3	4	9	7	6	17	14	19	13
A295994294	劉竹娟	62	1	5	3	10	9	8	18	14	11	13
B299169010	曹佩珊	75	1	4	5	6	7	9	19	16	18	15
G293961800	金珊木	89	1	5	3	10	7	8	13	15	19	14
A298081141	陳彥新	98	2	5	4	7	9	10	19	14	11	16
E295391082	張行	78	2	4	5	6	7	8	18	13	11	19
G191108456	黃淑吉	85	1	4	3	6	7	9	18	11	19	15
H198892612	鄭容依	98	2	3	5	10	8	7	15	12	18	20
A194333795	梁彥伶	69	2	4	3	10	6	7	11	20	13	16
E197754530	張庭仁	56	2	5	3	8	6	9	13	11	14	17
D296159185	張婕妤	73	2	3	4	6	8	10	17	20	18	19
F196597621	黃珮以	79	1	3	4	10	9	7	13	16	20	12
H297046243	翟依潔	64	2	3	5	8	6	9	16	20	18	17
H197093731	吳友寧	80	2	3	5	9	6	8	13	16	11	20
C291639249	陳俊緯	87	2	4	5	9	6	8	19	15	18	14
E292300534	楊湖彬	78	1	5	3	6	9	10	11	17	18	20
A198648037	李秀娟	84	2	3	5	7	9	6	17	11	19	14
C194171608	蔡乃淳	95	1	3	4	8	6	10	20	12	17	19
B292327390	陳書瑋	70	2	3	4	9	10	7	18	15	20	17
D295843553	郭家瑋	70	1	3	4	8	10	9	19	20	12	13
H194011755	張姵薇	91	2	4	3	7	8	9	12	16	14	11
E291600286	李玄迪	88	1	4	5	8	7	10	15	16	19	12
G294152912	魏苡雲	82	1	4	3	7	6	10	19	17	14	18
H191511221	李璇玉	94	2	3	5	6	9	8	20	12	11	16
D292121505	李竹明	93	2	4	5	8	10	9	11	18	15	16
G292982672	李佩恩	78	2	4	3	7	8	6	16	18	14	12
H192196264	賴雅文	70	1	5	3	6	10	8	14	13	20	18
C298168234	林竣傑	89	1	5	3	8	10	7	19	17	15	13
D291858192	陳文桂	79	2	5	4	7	8	6	15	11	14	12
E299875258	張惠生	71	2	5	4	9	10	8	18	13	19	16
H192980659	吳凱翔	74	2	5	3	10	7	9	14	19	20	12
F199539498	黃柏鈞	78	1	4	5	8	10	7	20	13	17	18
E194563340	韓伶珍	90	1	4	5	7	9	6	20	19	17	16
D196400523	馮明哲	69	1	4	5	7	9	10	16	13	18	17
F195848521	洪永季	81	1	3	5	9	7	6	14	17	15	13
A298657216	梁偉成	76	1	5	3	8	7	6	17	13	18	16
B291576700	賴佳蓉	72	2	4	3	6	7	8	16	14	11	15
D292541061	林承恩	75	2	5	3	10	9	6	16	17	11	19
C194313884	林于雲	91	2	3	5	6	8	9	13	19	12	17
H195736617	吳秀玲	91	2	5	4	10	9	6	14	19	11	18
E195903099	林威來	70	1	4	5	6	10	9	12	20	11	17
A299850775	陳曉玟	66	2	4	5	6	10	8	12	14	20	16
E193263298	陳立順	80	2	4	3	6	9	8	18	15	12	19
A196197644	張雅晴	67	1	5	3	7	9	10	17	14	20	16
H195060761	崔岱花	76	2	4	3	8	9	6	19	11	16	17
C193544125	翁偉哲	76	1	3	5	9	6	8	20	13	14	15
G199605872	唐秉亮	61	1	3	5	10	6	8	15	19	18	16
B196859006	王又玄	91	2	3	4	9	10	8	16	20	18	12
D295152888	連惠敏	79	2	4	3	10	9	7	16	11	19	15
E299441529	方財茂	89	1	4	5	6	7	8	17	19	11	18
H198277080	馮雅玲	88	1	3	4	7	8	6	19	15	16	12
G294757855	周哲瑋	73	2	4	3	9	7	8	15	13	12	19
B296781381	沈浩玟	77	1	3	5	8	7	9	12	14	11	13
F194801462	李孟勇	80	1	5	3	8	9	7	16	14	18	19
G197256059	李建興	81	2	5	3	6	9	8	17	14	12	16
D198526708	張博盈	61	2	4	3	10	9	7	12	13	11	16
D198847604	朱艾江	91	1	4	5	6	10	9	19	20	12	11
B194923101	王雯豪	80	1	4	5	7	6	10	18	15	16	20
B198574604	鄭珈順	88	2	3	5	9	6	10	14	17	16	13
A299287549	孫盈來	82	1	5	4	6	9	7	20	18	19	15
F292534826	竺欣怡	110	2	5	4	10	6	8	16	13	12	11
G191284184	楊佑霖	72	1	5	3	10	6	7	16	19	18	15
B195874027	林雅玲	75	1	5	4	9	8	10	13	14	11	16
A295565864	陳佩紹	73	1	4	3	9	7	8	16	17	13	18
B297613319	林靜新	87	1	3	5	10	6	8	15	16	12	13
F195617731	吉怡靜	86	2	3	4	8	9	10	11	15	17	13
H199309330	陳昱雯	93	2	4	3	9	6	8	13	18	16	17
D297702500	陳盈迪	74	2	5	4	6	9	8	12	11	14	13
E291177808	王玄毓	78	1	5	3	8	10	7	12	18	17	11
A192804264	黃佳慧	76	1	3	4	9	8	7	14	16	19	11
H191461191	林介劭	76	2	4	5	6	9	8	11	12	15	19
H294802052	陳玉梅	82	2	4	3	7	9	10	16	12	17	18
B291479046	金元紹	87	2	5	4	6	10	7	11	17	20	15
A291125800	耿佳怡	98	2	4	3	8	9	6	15	19	13	18
E193442119	陳昭昀	78	2	4	5	6	8	9	11	17	16	13
F299983587	朱政憲	83	2	5	4	10	8	7	14	18	16	17
B197181865	陳俊緯	68	1	4	3	6	8	9	13	17	14	19
D298000309	陳思姍	65	1	4	5	10	7	9	18	19	11	14
H299488025	賴武玄	76	1	5	4	10	8	7	15	19	11	20
H298207875	李威夫	62	2	4	3	6	9	10	13	16	18	12
F192306017	簡雅萍	78	1	5	4	6	7	10	15	19	17	12
C196620462	潘柏豪	89	1	4	5	10	6	7	12	18	15	11
E194860719	陳雅芳	70	2	3	5	8	10	7	12	13	20	15
F297876865	梁玉玲	74	1	3	4	7	9	6	17	14	12	15
F294159625	劉舒涵	64	1	5	4	7	10	8	18	15	20	12
F293201237	洪容姍	80	2	5	4	6	9	7	20	16	15	11
A195212357	黃淑季	89	2	3	5	10	7	9	14	16	20	13
C291624211	李常麟	100	1	4	5	6	10	7	13	12	17	16
D197193170	蔡雅慧	72	2	5	3	7	6	9	14	19	16	11
A294591735	時建宇	83	1	5	3	10	8	7	17	20	19	18
G195654379	傅志偉	90	2	4	3	9	10	7	19	18	20	11
C294356194	謝婷婷	97	1	5	3	10	9	6	16	14	20	18
A293167860	趙妍香	66	1	3	4	8	10	6	18	20	17	14
F295121698	蔡隆強	73	2	5	3	8	9	10	17	19	20	16
B194657040	林君俐	84	1	5	4	8	9	10	16	14	13	11
H193979034	屈家瑩	100	2	5	3	6	9	10	18	11	12	13
F293705650	陳威士	64	1	5	3	10	7	6	17	18	12	13
A297122376	劉聿雄	74	2	3	4	7	8	6	16	18	14	19
H291605266	陳念瑄	73	1	4	3	6	9	10	11	13	12	18
E299309482	鄭芸喬	78	2	5	3	7	6	10	19	11	16	13
B194130393	許家俐	65	2	5	4	10	8	7	16	13	11	18
E197367117	洪政達	93	2	4	3	8	10	7	12	11	17	19
D292405293	黃淳蘋	86	1	5	4	8	10	7	19	14	18	20
F294011764	趙光鴻	86	2	4	3	10	9	6	11	17	12	13
C196005812	郭俊彥	76	2	3	5	8	7	9	12	17	11	14
A193878026	林誠鴻	89	2	3	5	7	10	8	11	17	14	15
C293433236	曹雅慧	88	1	5	3	7	8	9	17	15	16	20
F197686332	藍怡婷	77	2	4	5	7	8	10	16	11	12	15
H297871942	韓奎羽	86	2	4	3	7	6	9	13	16	11	17
G191876182	黎韋奇	87	1	4	3	8	9	10	13	20	19	11
B196403433	黃麗娟	87	2	5	4	10	7	6	13	20	17	11
A298944867	黃財冰	95	1	3	4	9	8	10	15	17	12	14
B194531498	湯偉智	74	2	5	3	10	8	7	20	19	15	18
F293520166	朱雅萍	75	2	5	3	8	9	7	18	19	11	13
C294509042	王志瑋	80	2	3	5	6	10	9	16	18	20	19
B292274027	賴妙珍	92	1	3	4	7	10	8	18	17	12	14
B192303585	陸詠松	81	1	3	5	6	10	7	14	20	19	11
E199240075	林淑惠	76	2	4	3	6	9	8	12	19	15	18
E295913800	黃靖琴	84	2	3	4	7	8	6	15	14	16	20
A197686533	洪嘉欣	79	2	5	3	8	10	7	20	11	17	18
F299955556	黃雅惠	92	1	3	5	8	6	7	17	16	11	12
H295650936	宋光輝	60	1	4	3	7	8	9	14	13	12	15
H198639991	陳思治	93	2	5	4	8	6	9	18	20	16	19
F191071686	曹亦勇	77	1	5	3	7	8	6	18	15	14	16
D298621282	陳瑋倫	69	1	5	3	6	10	8	19	12	16	11
H296304755	張哲瑋	91	1	5	3	9	8	6	14	13	18	15
D191452787	林雲谷	85	2	3	5	9	8	7	13	18	12	17
F291083562	陳雅慧	91	2	5	4	8	10	9	18	17	16	19
F192577187	黃姿芳	85	1	4	3	9	6	10	12	13	16	17
G297356252	李裕翔	95	1	5	4	9	7	8	17	13	12	15
A299200284	陳柔鴻	62	2	4	5	8	6	7	11	15	12	18
E298212828	蘇淑芬	82	2	4	5	9	8	10	11	19	16	12
C295828644	張嘉恭	86	2	4	3	8	9	6	18	11	12	15
A299220302	趙詩婷	76	1	5	4	8	9	7	18	14	15	11
D193078707	溫雅文	93	2	5	3	8	7	6	18	20	17	16
C296076064	林美豪	76	1	4	3	8	9	6	19	14	15	20
D198505423	張鈞玫	81	2	3	4	8	9	6	17	12	14	15
E194266220	李婉珊	83	2	3	5	7	9	8	17	18	16	19
F293967007	陳治夫	72	1	5	4	6	8	7	12	19	16	20
E199631414	江怡潔	93	2	3	5	7	6	10	17	20	19	16
F197427011	孫淑芬	86	1	5	3	7	6	8	17	13	19	20
H193018349	蘇秋萍	90	1	5	3	6	8	7	18	11	13	12
A299629930	林雯璇	89	1	5	3	10	9	8	20	15	11	18
F295603579	趙山義	72	1	4	3	6	7	10	20	15	16	17
D291009091	楊雅傑	85	1	5	3	7	8	6	19	15	20	12
C298991359	陳怡婷	78	1	4	3	7	8	10	13	15	11	19
C291888975	朱淑芬	65	1	5	4	8	10	7	12	19	15	18
C299488833	陳惠漢	100	2	5	4	7	6	8	12	19	15	20
A199125784	林美平	63	1	5	4	9	7	8	15	14	17	19
A293672615	丁軍萍	92	2	5	4	9	6	10	19	20	17	14
F196095926	王志明	79	2	3	5	6	10	8	14	19	15	20
A299740096	顏云	93	1	5	3	8	9	10	15	20	12	19
D295931594	楊智軒	89	2	4	3	8	10	7	13	12	19	15
H298634738	張佩君	65	1	3	5	6	10	9	20	17	11	15
G197494997	魏淑玲	90	1	5	4	7	10	8	18	17	12	16
E291434586	趙倩茜	95	1	5	4	8	6	10	14	13	16	20
H294449288	魏易怡	87	1	3	5	10	9	6	13	12	16	18
D196002787	陳鈞岑	85	1	3	4	9	6	8	12	20	13	14
E294412822	郭偉成	71	2	5	4	10	8	7	20	11	15	13
B198176626	張火憲	81	2	5	3	9	10	7	19	14	20	11
E193690357	張智恩	89	2	3	4	10	7	6	18	12	15	16
E298652484	林淑仁	76	2	3	4	10	7	6	20	17	15	11
D296487577	呂佳發	90	2	3	4	8	9	6	12	20	19	18
H193318353	蔡筱婷	110	1	4	3	6	8	10	19	13	16	14
A193707497	陳邦帆	71	1	3	4	9	7	8	17	11	14	20
F194041608	鄭琳峰	72	1	4	5	9	6	7	13	15	16	20
C292959393	謝旺謙	83	2	4	3	7	8	9	11	15	16	13
B197434549	李宜珊	71	2	5	4	8	7	10	16	11	13	17
E299929546	袁佳慧	73	2	5	3	10	6	9	12	13	15	11
A292858166	林清綸	76	2	5	3	10	7	8	16	15	17	12
B291488438	朱慧娟	74	2	3	4	7	6	10	11	12	19	16
C299885207	張儒元	96	1	5	3	10	7	6	14	18	12	17
F191009948	曾佩蓉	93	1	3	4	8	9	10	18	11	20	15
B192383476	林怡合	95	1	5	4	7	9	10	20	16	11	14
C296816184	陳姿坤	57	1	3	5	8	6	10	12	11	16	19
F197608954	張秀芬	95	1	3	5	8	7	10	18	11	19	20
A196588136	黃子松	75	1	5	4	6	9	7	17	15	20	11
B294824829	陳秋山	88	1	3	4	7	6	9	15	12	18	17
F196488878	林家銘	65	1	3	4	10	8	9	12	15	11	17
H195062407	連博江	82	2	3	5	8	6	9	16	17	11	18
H291568508	趙采穎	80	1	3	4	9	8	10	12	16	17	13
D292116513	曾乃文	79	2	3	4	7	9	8	14	13	15	12
A297388249	黃家華	68	1	3	5	6	9	10	17	11	14	19
B191040418	王冠傑	81	1	4	3	10	7	9	20	14	17	11
H297932897	高宜靜	91	2	4	3	8	7	9	19	17	12	14
A298628680	周欣瑜	77	2	5	4	10	8	9	11	17	13	14
A196893874	郭文君	91	1	3	5	9	6	10	19	11	16	12
D292616018	陳希延	80	2	3	5	7	8	10	12	18	19	14
G199888335	蔣筱芸	84	1	5	3	10	6	8	17	19	15	11
C296729275	陳怡安	80	1	5	3	8	9	10	12	15	18	16
D294902982	施彥君	63	1	3	4	7	10	6	18	13	15	17
G193828086	李雯燦	82	1	3	4	8	9	7	15	13	11	18
A195575395	曾與霞	84	1	4	3	9	7	6	18	17	12	14
C191780123	林怡芳	60	2	5	3	7	6	10	15	12	11	13
E296552123	李俊宏	84	1	4	3	7	6	9	14	12	20	19
E199852600	陳瑞枝	100	2	4	5	8	9	10	11	14	18	20
C297400135	王卓城	81	1	3	4	10	8	7	16	19	17	18
F195905576	趙詩泰	88	2	5	3	8	6	7	11	20	12	19
F295158597	陳淑萍	82	1	5	3	9	7	6	19	13	16	17
H293912979	賈佳玲	89	2	3	5	9	6	10	15	17	14	18
A193702394	王雅雯	75	2	4	5	7	9	8	16	14	18	19
G199198685	高則彬	82	1	3	5	6	7	9	13	11	19	16
F198541985	賴嘉玲	83	1	3	5	6	9	10	15	17	20	11
E294336283	林威任	76	1	4	5	6	8	10	18	19	15	14
C198293016	黃怡潔	90	2	4	3	9	6	10	12	19	13	15
B299675540	劉晉俊	69	2	4	3	8	6	9	11	12	16	13
G294470719	方友希	84	1	3	5	9	8	10	20	14	13	16
D295548919	張嘉郁	86	1	4	3	8	6	10	12	15	13	16
D296832125	王馨文	87	2	5	4	10	9	7	15	12	16	11
D192131769	張莉婷	74	1	5	3	7	8	9	14	15	16	20
B197378019	彭美惠	75	2	4	3	9	10	7	12	18	14	15
H197163309	顏健賢	76	2	5	3	9	10	7	15	12	18	20
B196979263	蔣育廷	72	1	4	3	9	10	7	20	14	19	15
B199421540	蕭雅孝	65	2	4	3	10	7	8	20	19	15	11
B292489251	趙宜芳	79	2	5	3	9	8	10	14	11	13	19
D292083313	馬曉芬	74	2	5	3	8	7	9	11	19	17	14
F297270621	吳奇恒	93	1	4	5	6	9	10	12	17	15	19
F194264898	洪冠良	73	2	3	4	7	9	6	14	18	13	12
F297329370	陳宏枝	82	1	5	4	6	9	8	18	14	12	20
E294474493	黃玉奇	77	2	3	4	10	6	9	17	16	14	13
B199466049	陳彥宏	110	2	3	4	9	6	10	16	20	13	14
H295984204	謝馥佐	75	1	3	5	6	9	7	18	11	20	12
G293835430	黃文雨	81	1	3	5	8	7	10	17	16	13	11
H292018445	李素江	83	2	5	4	9	7	6	13	19	11	14
C293227514	張嘉達	74	2	3	4	9	8	7	16	20	12	18
G292160578	許宗穎	71	2	4	3	10	9	6	16	13	20	11
G296112872	翁雅婷	79	1	5	3	8	6	7	16	13	19	11
H192432569	劉雅文	72	1	4	5	9	7	6	13	16	20	14
F292964164	盧珍芸	90	2	4	3	8	9	6	16	17	13	12
F292155745	蔡妍昆	88	1	4	5	8	9	7	13	15	19	14
G293983600	藍芳儀	74	1	5	4	10	8	6	11	18	16	19
C195832431	黃世強	85	2	4	5	6	10	7	11	18	20	12
A192204540	駱之安	55	2	5	3	10	7	9	20	14	15	18
G296929046	葉若芷	58	2	3	4	6	10	9	12	17	15	19
A292107566	謝文福	83	1	3	4	6	8	10	19	15	16	11
B297274545	陳思涵	74	1	3	4	7	10	8	17	19	16	13
A299207836	林佩珊	76	2	4	5	8	9	10	15	19	18	14
C196413510	李承康	83	2	4	3	6	9	10	15	13	17	14
A292212295	劉佳琪	75	2	3	4	9	8	7	18	19	12	17
D192334966	林湘芃	76	2	5	3	6	10	9	16	13	19	17
G197687241	朱韻如	82	1	4	3	7	10	8	18	19	14	15
A194547351	林芳容	65	1	4	5	6	7	9	15	17	11	19
C192971333	黃尹惟	63	1	3	4	8	6	10	11	20	16	17
H298733218	劉柏君	79	1	3	5	6	10	9	13	15	17	11
C194732834	李鎮奇	97	1	4	3	9	8	6	12	20	18	16
F196731847	許兆屏	72	2	4	5	7	9	8	19	20	11	17
E291265796	周宛真	92	1	4	3	9	10	6	12	15	13	19
C292666795	楊培軍	70	2	5	3	9	8	6	20	18	13	16
E295232346	黃彥良	77	1	4	5	7	9	6	17	18	19	12
B293521552	吳士星	65	1	3	5	9	7	10	20	13	19	15
G194489127	陳信友	91	1	5	3	9	7	10	17	15	13	16
G198090340	廖崇福	88	1	3	5	10	6	9	20	14	15	12
G195007281	郭昱宏	84	1	4	5	10	8	6	13	18	14	19
E295515233	王志豪	91	1	4	5	10	7	6	12	19	14	17
C198168581	蔡宗綸	99	2	4	3	7	9	8	11	19	12	17
H191048125	陳志宇	92	1	3	5	8	7	6	20	16	18	11
B192744844	張昭友	70	2	3	5	10	6	7	13	18	15	16
E199602397	錢怡君	69	1	4	5	8	6	9	13	19	14	17
D292211817	金俞光	70	2	5	3	10	8	9	11	18	15	13
B194121438	李文珮	70	2	4	5	8	6	7	16	15	20	11
H294678798	陳春念	100	1	5	4	8	7	6	11	17	18	13
D191872967	施君季	59	2	3	5	10	8	7	17	15	14	11
F197498458	林雅雯	78	1	4	5	6	7	9	20	13	14	16
B292944079	林紫歡	59	1	3	4	9	6	10	16	20	19	17
F192569872	吳妍謙	85	2	3	5	9	8	6	11	12	17	16
D296448650	唐綺云	83	1	5	4	8	6	10	20	14	18	11
C191105540	洪雅婷	89	1	4	3	7	9	10	12	20	15	17
B298148562	劉婉如	78	2	3	4	6	8	9	16	11	12	18
E197173884	李瑋婷	89	1	4	3	6	9	10	20	15	16	14
F193793345	沈慧玲	73	2	3	5	10	7	6	19	18	17	11
D294399609	楊旻利	88	2	3	4	10	6	7	19	15	14	12
A292398316	唐怡婷	83	2	4	3	9	6	8	11	19	14	18
F194742502	張兆祥	75	2	4	3	9	10	7	13	16	17	19
B291142240	錢培誠	73	1	4	5	9	10	7	13	12	16	11
B192672950	陸哲瑋	100	1	3	4	9	10	8	14	12	11	13
B291635606	郭俊喬	88	1	3	4	7	10	6	15	11	16	19
A293395417	郭怡惠	83	1	3	4	8	7	10	12	19	11	17
D297031177	王心怡	86	1	5	3	10	8	7	11	17	12	18
H292288483	尹科凌	59	1	3	5	10	9	6	17	14	15	20
A292096773	倪亞尹	71	1	5	3	10	9	7	20	15	13	16
E299467505	張奕翔	95	2	3	5	9	10	8	20	17	15	12
E197195228	楊有坤	85	1	5	3	6	10	7	15	19	18	20
B297726259	王彥凌	69	1	5	4	8	7	10	13	16	12	20
F198654272	陳家瑜	100	2	4	5	9	10	6	14	13	16	15
H299533712	蔡松仲	76	2	5	3	8	6	9	15	11	16	13
G294646062	梁湖盈	77	2	4	5	7	9	6	13	12	16	20
D195832816	林得禎	71	1	3	4	9	10	7	14	13	17	16
E294215501	黃吉筠	61	1	5	3	9	10	6	11	17	20	18
G192710254	江淑婷	64	2	5	4	6	8	9	20	15	11	17
A294065990	吳彥翔	84	2	3	5	7	8	9	12	19	14	16
D293184864	林沛瑩	92	2	4	5	8	7	10	12	15	19	11
E296674599	韓綺仰	86	1	5	3	7	9	6	17	11	15	13
D197528833	張筱涵	87	2	4	3	9	10	8	13	20	17	12
D193001019	張裕仁	79	1	4	5	6	10	7	15	13	18	16
G298370916	李裕翔	92	1	4	5	6	8	7	20	11	15	16
H195647286	余涵威	79	2	4	3	9	8	6	14	12	20	17
G298198147	鐘家瑋	69	2	4	5	10	8	7	12	14	18	19
F196522142	陳偉智	100	2	5	4	9	10	7	19	17	14	11
H198632643	詹夙凱	76	2	5	4	10	8	9	13	15	20	17
C297381117	蔡淑婷	92	1	4	3	6	10	9	13	20	12	16
A295551842	彭淑慧	55	2	3	4	8	6	9	12	13	20	19
H192629571	陳郁群	79	2	3	5	8	7	6	12	11	19	18
B296128508	陸宗翰	86	2	4	3	9	10	7	15	20	17	13
F191628569	楊宗琴	75	2	5	3	6	9	8	19	14	15	20
C291451825	陳侑儀	80	1	5	3	9	8	6	11	17	15	18
B194723512	劉得汝	57	2	5	4	8	9	10	16	11	18	20
A291079938	陳威孝	75	1	3	5	8	10	7	14	17	12	16
E297243963	劉憲恭	77	2	5	3	8	7	9	11	12	17	13
A196439656	林民容	97	2	5	4	10	6	7	16	19	15	20
E292421298	楊心蕙	87	2	3	5	6	10	9	17	19	11	18
G299254724	劉俊君	79	2	5	4	7	9	6	17	11	14	16
C194418919	吳宛蓉	85	2	5	4	8	10	9	16	18	13	17
C297565891	楊麗華	79	1	3	4	9	6	10	18	16	14	13
B192510633	錢千慧	77	2	3	4	9	8	10	14	19	17	18
G298643665	王建強	83	1	4	3	9	6	8	14	15	19	13
D291212874	高信亞	78	1	5	3	7	6	9	20	12	15	13
E294515088	蔡牧苓	82	2	4	3	10	8	7	13	11	20	17
F292144313	戴邦紋	91	2	3	4	10	7	6	16	14	13	19
A298935386	張馥凱	75	1	4	3	9	6	10	18	19	13	12
G292537122	陳志明	85	2	3	4	7	8	6	13	15	19	17
D299410685	楊萬貞	86	1	3	5	10	7	6	11	12	16	18
F299887080	陳瑋妹	82	2	4	3	10	6	7	18	15	12	20
D291616158	林玉全	100	1	4	5	8	6	9	16	13	19	12
E297440211	林嘉豪	74	2	4	5	6	9	7	15	20	18	19
C194729686	陳玉婷	90	2	3	4	9	6	10	11	12	17	15
G294239861	陳筱芷	70	2	3	4	6	8	10	18	16	14	12
A191563371	馮淑娟	81	2	5	4	9	10	8	11	20	19	15
C294927817	白雲鳳	85	1	5	4	10	9	7	20	11	15	17
A298383622	胡宣峰	69	1	3	4	7	8	9	16	11	18	15
F293629440	謝堯茵	72	1	4	3	7	10	8	13	17	18	15
E296683516	曹俊嘉	77	1	5	4	6	10	7	11	17	18	20
D193516220	林麗毓	91	2	4	5	9	10	6	19	16	11	13
E199889992	張博宜	76	1	5	3	9	8	10	19	11	14	12
H195905747	方明慧	79	2	3	5	10	7	9	17	16	19	12
A195262366	陳聖星	76	1	5	4	6	9	8	15	16	14	13
A197810155	黃冠俊	70	1	3	4	6	7	9	15	13	20	17
C196448540	林婷梅	90	2	4	5	7	9	8	13	14	20	18
E193754632	魏大鈞	98	1	5	3	7	9	6	11	20	19	13
C192011850	陳惠齊	86	2	5	4	10	9	6	13	12	17	14
G293038057	張偉玟	81	1	5	4	9	7	10	18	14	17	12
B192462801	劉宗翰	95	2	4	5	9	7	10	15	18	13	16
A299471934	張禹人	79	1	3	4	10	8	7	18	14	15	17
C194821710	林如韋	86	1	3	4	6	10	9	15	19	20	11
A193471278	黃建順	80	2	5	4	9	8	7	20	18	17	15
H296596771	黃雅如	81	1	3	4	6	10	7	20	19	15	17
E296188052	林郁星	59	2	5	4	9	6	7	14	12	13	20
G293067094	涂秀美	90	1	5	4	10	9	8	16	17	19	20
E295403694	謝佩侑	85	1	3	5	7	6	8	16	14	18	12
G292433147	林秀卿	95	1	3	5	10	7	8	18	17	16	14
F194885904	郭裕仁	85	2	5	4	8	6	10	20	14	15	16
G193879136	黃子香	89	2	3	4	9	7	6	20	19	12	11
D195585385	林秀恬	67	1	3	5	6	10	7	17	20	19	13
H291848789	李淑芳	93	1	4	3	10	9	8	19	15	14	18
E194861225	連佩君	74	2	4	5	9	8	7	18	17	14	16
G194941542	林冠宏	83	1	3	5	9	7	8	16	19	14	18
C195259165	劉美菁	95	2	5	3	8	6	9	11	16	20	15
C199958089	簡梅仁	72	1	5	4	6	7	8	15	19	17	11
E295387695	柳君昇	77	1	3	5	8	10	9	19	16	14	20
G194414746	林月臻	95	1	4	5	10	7	9	12	20	13	18
A197855421	鄭南恒	82	2	4	5	6	9	10	14	17	13	19
D194382380	元雅玲	80	2	5	4	6	8	10	16	18	20	12
C294451489	曾惠雯	74	2	4	3	8	9	6	15	19	16	18
G293057347	魯婉瑜	76	1	3	5	8	6	10	19	15	17	12
E199960214	張佳琳	88	2	5	3	7	6	9	12	17	14	18
C192171904	許智筠	91	1	5	3	10	8	7	14	19	20	18
E295761673	李孟璇	84	2	5	4	10	7	9	11	16	18	19
F192740724	黃慧英	84	2	3	4	7	8	10	14	11	19	16
E298502318	王莉喬	92	1	4	5	10	6	7	13	15	19	11
C199840000	陳建羽	85	2	4	3	6	10	7	15	13	20	18
G293384107	王聖利	75	2	3	5	7	8	6	16	12	13	11
D291360688	黃詩音	85	1	5	3	8	6	9	16	20	14	19
G197166050	張信宏	89	2	3	5	7	9	6	20	12	15	13
F298561907	許振憲	71	2	3	4	9	10	7	19	18	12	17
B197025602	呂鎮香	74	1	5	4	6	9	7	16	18	12	11
A294327315	高淑真	74	2	4	5	7	10	9	20	13	11	14
E291917008	吳宜君	91	1	3	4	6	10	7	20	16	14	12
C196662602	林裕云	54	1	5	3	8	7	9	19	11	16	20
F192354479	張琳友	82	2	5	4	8	9	7	15	19	20	16
C294643861	沈政翰	76	2	3	4	6	9	7	17	12	19	11
E298251263	黃翔幸	81	2	5	3	9	8	6	16	13	18	20
B297792235	周丞琴	72	1	5	4	10	7	8	11	12	16	20