D295172442	謝怡潔	89	2	4	8	9	7	14	18	19	12	11
F196069444	黃雅文	89	2	5	8	10	9	20	15	13	19	11
A196653763	賴怡瑜	81	2	4	8	9	7	13	15	19	16	17
H198662276	劉秀娟	68	2	3	8	10	7	15	14	12	19	13
C297574756	張耀羽	74	2	4	6	8	10	20	16	12	11	19
C197021838	王怡紫	96	1	4	10	9	7	15	19	20	17	14
D298211375	楊秀玲	81	1	3	6	8	7	12	16	19	14	13
F297767941	高志賢	81	2	4	9	10	6	14	18	11	16	13
A194465461	劉淑娟	78	1	5	10	8	9	11	12	19	13	17
G295494437	杜賢孜	87	2	3	7	6	9	16	20	12	15	19
H198790597	林琬婷	96	1	5	10	9	8	15	18	19	14	13
A299620464	陳雅雯	87	1	5	9	6	8	17	14	19	20	15
B295380880	楊文玲	63	1	4	9	10	6	16	12	20	17	13
F191493879	何佩蓉	62	1	4	9	6	7	11	14	19	12	13
E295157080	林子智	73	1	5	10	7	8	11	18	16	20	14
F197672374	林政駿	87	1	3	8	9	6	11	19	12	20	18
B295261111	林淑娟	96	2	3	7	10	9	20	13	11	15	12
F295006294	談淳易	86	2	4	10	7	8	11	14	18	12	16
D192357021	陳淑華	70	1	4	10	6	8	17	11	16	12	20
D297734511	林昆霖	96	1	5	10	8	6	11	12	17	15	13
B199458976	陳美士	99	2	5	8	9	7	17	18	14	19	13
F296886536	陳紹依	61	1	5	6	8	9	12	19	15	18	13
D192567509	李炳玄	94	1	5	8	7	10	16	17	15	11	19
G192673658	許法辛	68	2	3	8	9	6	12	17	15	19	14
F191359087	林郁亨	63	1	5	8	9	10	11	16	13	14	17
C195262439	鄭淑琬	100	1	4	7	9	8	15	13	12	11	19
F295552415	蘇惠婷	99	1	5	8	6	9	17	12	19	13	14
H196439635	姜世豪	67	1	4	8	6	10	12	17	20	11	16
A193902910	李建信	80	2	4	7	9	8	20	13	18	14	15
E198322201	林哲銘	91	2	4	8	9	10	13	18	20	14	17
F292360095	胡雅雯	91	1	3	6	8	10	20	15	13	16	14
H196200689	盧志明	61	1	5	10	8	7	18	16	12	20	15
D193606167	王惠敏	85	2	5	9	7	8	15	14	13	11	16
F199416865	張雅惠	61	2	3	6	10	9	16	11	13	15	12
D196804290	陳劭儒	87	2	4	7	8	6	15	20	14	17	18
H192378015	劉婉瑩	94	1	3	9	7	6	17	12	14	20	11
C193710727	鞠乃白	87	1	5	9	6	8	19	14	11	20	18
F292414945	葉淑芬	77	2	4	7	6	9	18	14	15	12	11
A192818884	宋丞善	88	1	3	7	8	9	16	17	20	12	15
G296333086	李虹學	84	2	5	8	6	7	19	18	14	20	13
H298055004	林淑如	70	1	5	10	7	9	11	17	13	20	18
G296726170	陳禹穎	92	1	3	10	7	9	13	15	14	18	17
F291822658	潘炳旺	85	1	3	10	8	7	20	14	16	17	15
A195082699	林政哲	90	1	4	7	6	9	13	14	20	17	19
C198570296	廖冠宇	94	1	3	6	7	8	20	12	18	11	13
H297666790	賴依婷	75	2	4	9	6	7	15	11	13	17	18
C198839110	林湘寧	96	2	3	6	8	7	13	16	20	14	12
A297401292	張長瑄	82	1	4	6	8	7	19	12	16	20	13
A299330778	林松泉	61	2	5	7	6	9	16	14	13	11	19
H295496094	陳麗坤	63	2	3	6	8	10	20	19	17	12	15
C199860173	周惠君	80	2	4	6	7	9	11	20	13	15	14
A191502903	吳明瑋	85	1	3	9	8	6	20	13	19	17	18
E193526049	何慧茹	84	2	4	6	10	9	19	13	18	15	16
A297001167	錢偉倫	94	2	5	10	9	7	15	17	13	14	20
F296831700	林靜琬	72	2	4	9	7	8	14	15	11	13	17
C295968689	蘇以年	64	2	3	10	6	8	19	13	15	20	18
B297270921	黃建佑	73	1	5	10	9	8	19	11	14	18	20
F297239577	王明軒	93	2	5	9	6	8	16	19	20	17	18
A193741471	王秀琬	80	1	5	10	8	6	15	18	17	14	13
H298846863	陳水全	76	1	4	8	7	9	17	14	11	15	12
A295621410	寇婉源	91	2	5	6	7	9	15	17	13	20	18
A191811318	張怡芬	76	1	5	9	6	10	11	15	16	20	14
E293773568	胡欣怡	76	2	5	9	8	7	15	12	14	16	13
B195296818	陳湘夢	78	2	3	6	7	10	17	20	19	15	13
B291351838	黃慧凱	76	1	5	6	8	9	19	20	12	17	14
D194199321	張淑貞	72	1	4	8	10	9	16	14	11	18	19
G294718401	陳彥均	60	1	3	7	8	10	12	20	18	16	17
B193099311	王民州	93	2	3	8	10	6	17	15	14	18	16
H291871957	周子傑	67	2	5	9	8	10	16	20	11	19	14
H191540017	王雅其	76	2	3	10	6	7	18	13	17	11	20
F295395312	林苡惠	71	2	4	7	8	6	20	14	15	12	11
A199576932	陳與峰	95	2	3	8	9	6	20	18	17	13	14
C297084506	楊麗珠	72	2	3	9	7	10	19	13	15	11	14
E191749508	張歡璇	96	2	5	7	6	9	15	12	14	19	11
C295731646	陳明韋	84	1	3	8	9	7	11	20	15	18	17
A198393206	林雅韋	100	1	3	9	7	10	13	11	12	15	16
C198443114	楊曼汝	90	1	4	6	9	10	18	20	15	14	19
G197565919	陳宜真	71	1	5	6	7	8	15	12	16	11	19
B295381145	許家冰	82	1	3	7	10	8	18	15	17	16	19
F298381301	王文達	83	2	5	9	7	10	18	11	13	19	16
A298644826	崔俊男	99	1	3	8	6	10	19	14	18	16	13
F191823877	柯潔枝	72	1	5	9	8	7	15	18	12	16	17
B199304713	潘海裕	100	1	3	9	7	8	16	15	14	11	13
F291150326	黃文青	78	1	5	10	7	9	16	18	17	13	11
C295338716	趙怡雯	67	2	5	9	6	8	15	18	11	20	17
D296696067	陳怡君	83	1	4	7	8	6	14	12	11	17	13
D293283997	劉怡正	74	1	4	6	7	9	20	18	17	19	15
F191054130	趙玲綸	81	2	5	7	10	6	15	16	18	17	14
E295990941	黃郁雅	65	2	5	10	7	6	11	17	13	20	18
A197495738	顏可弘	78	1	5	7	10	6	14	17	12	16	18
A292759220	謝于玟	91	2	4	9	6	7	13	16	15	18	11
G293587546	張成木	99	1	3	7	8	10	12	20	19	15	17
E199192001	許恆琴	68	1	4	6	9	8	15	12	20	14	19
H198311489	唐淑芬	72	1	3	7	8	9	11	16	15	18	20
D293088634	林安筠	79	2	5	10	7	6	17	20	15	19	16
G297068239	謝文恭	93	1	3	10	9	6	15	11	20	14	17
D197140599	黃志偉	100	1	5	9	8	7	20	15	16	13	19
E299019438	陳恆萱	84	1	5	7	9	8	11	15	18	12	19
B294208503	賴采真	69	2	3	6	9	10	13	20	14	12	17
A196060919	許芸萱	71	1	3	8	7	6	14	18	16	19	20
C296381775	林博芬	99	2	3	6	7	10	12	18	17	15	19
C197521771	林淑愛	77	1	5	6	10	8	19	13	12	17	14
B199835320	陳奕平	69	1	4	7	8	10	18	19	14	16	20
E193085034	盧欣怡	74	1	4	8	9	6	15	19	11	13	14
D298686274	吳貞蘋	90	1	4	7	9	10	12	17	18	15	11
E298559380	林育桂	68	1	3	10	6	8	17	19	11	14	20
F195706331	陳嘉怡	91	1	4	6	10	9	17	15	20	16	12
E192256744	吳宗茜	68	1	4	10	8	7	11	20	18	14	17
A196102574	杜勝恒	70	1	5	10	6	7	11	15	17	18	13
F192808249	陳軒天	75	1	4	9	6	8	11	14	13	18	20
E191294213	烏承賢	66	2	5	8	9	6	18	11	19	12	15
H297184293	李泓謙	83	2	3	10	9	8	12	11	13	16	19
D197741041	明偉倫	85	1	3	6	10	7	15	17	12	11	14
G295230559	張怡婷	66	1	5	9	8	10	16	19	14	11	18
C297923633	謝淳明	80	1	4	10	9	6	18	13	17	20	19
C299469356	丁博丹	78	1	5	7	10	9	14	16	11	12	20
B196577849	王碧雲	86	1	5	6	9	7	18	13	12	19	15
H198119823	張凱麟	82	1	5	10	6	8	17	11	20	18	16
G298556461	黃志翔	70	1	4	9	8	7	17	13	15	19	18
C192609994	蔡敏美	68	2	4	6	7	9	17	15	14	12	20
H194649893	彭玟延	84	1	3	10	9	6	14	12	17	20	19
D295373734	劉惠文	62	2	3	10	9	8	15	11	20	14	12
A294577744	陳惠如	97	1	3	9	8	6	20	14	18	19	17
A295360074	駱淑芬	81	1	3	7	10	9	17	12	16	11	13
E193647007	劉俊傑	83	1	5	10	6	9	18	14	20	16	17
E191692915	林秉勳	85	1	4	9	6	7	20	17	11	18	19
C195864853	黃馨伸	82	2	5	8	7	6	18	14	17	16	13
F193942311	王冠宇	78	2	4	6	7	9	16	11	14	18	13
F199201908	吳宛白	60	2	4	8	10	7	15	18	20	11	13
G298497412	李秀源	63	2	4	10	9	6	18	16	15	19	11
E291236133	陳怡文	79	1	3	10	8	7	11	14	12	20	13
F196179856	徐偉迪	81	1	4	8	10	7	17	11	19	12	15
D298496985	黎麗卿	82	2	3	9	10	6	12	11	20	15	19
A195541353	宋信豪	94	1	5	6	8	9	12	14	13	15	11
E191626975	林玉裕	72	2	4	6	10	7	14	19	11	17	20
F296625506	吳有瑞	90	1	4	8	9	7	16	14	18	12	20
F293472530	高康意	99	2	5	7	6	9	17	14	18	19	11
F295152700	李佩娟	65	1	4	6	7	9	14	17	19	15	13
D292061504	李冠伶	63	2	5	8	7	10	11	16	12	15	17
D192902982	賴韻如	81	2	5	10	9	6	11	13	20	16	19
G194271401	楊志遠	77	1	5	9	10	7	15	12	20	11	14
F297964128	田怡君	83	1	5	9	7	10	13	18	16	17	11
A197617903	郭家屏	62	1	5	7	8	6	19	18	15	16	12
F195422063	柯科美	68	2	4	9	10	6	17	12	13	11	18
C299881021	陳惠君	81	2	5	6	10	9	20	14	12	16	15
F293034576	黃榮娟	77	2	4	10	6	8	12	14	19	15	11
E192418593	王婷婷	90	2	4	8	10	7	18	20	19	16	12
F296682485	林玄聖	94	1	4	9	7	10	14	13	12	18	19
C194366894	王佳怡	64	1	3	9	6	7	12	18	11	17	19
A295805649	崔愛光	97	2	5	8	10	9	18	19	15	16	11
F292160362	邱漢華	93	2	3	9	7	8	18	16	12	15	19
E193554892	王喬中	80	2	3	9	8	6	17	14	12	11	20
E295562787	林宇韋	63	2	5	10	7	8	12	13	16	17	19
E197707308	蔡士豪	85	2	3	8	10	6	17	16	18	13	20
H197351854	蔡麗峰	99	2	3	9	7	8	14	19	18	11	15
G196549064	陳于婷	75	2	5	10	9	7	12	14	18	13	11
D297791383	黃昱行	73	2	3	9	8	7	13	17	11	12	15
G291966987	許孟璇	64	2	3	10	9	7	14	13	17	12	16
E196770343	許奕君	73	1	5	6	8	10	17	16	19	18	13
A194715368	林淑能	69	2	4	6	10	7	17	18	20	16	11
E191433569	諸祐順	68	2	4	10	8	9	13	19	14	18	16
D195819591	黃文沛	73	2	5	6	7	8	12	20	16	17	19
H193513090	盧岳紹	95	1	3	8	6	7	19	12	14	15	18
F291215279	王秀慧	86	2	3	9	7	10	14	16	12	13	19
G293484059	林宗儒	86	2	5	7	6	9	14	13	15	17	20
D197370711	蔡冠伶	75	1	4	10	9	6	20	14	16	18	15
E298436104	蘇祐貴	89	2	5	8	7	9	19	12	16	13	17
G299822660	王喬育	95	1	5	8	7	9	16	11	19	20	15
B294172508	黃詩雅	62	1	4	10	7	8	19	18	20	15	11
B299516742	邱薇啟	83	1	4	6	9	8	11	18	17	16	13
F198446074	朱立偉	60	1	5	8	10	9	12	14	15	20	13
C295273514	黃燦財	92	1	3	7	6	8	11	13	18	14	17
C199090680	劉育淑	97	1	3	7	6	10	11	15	17	18	12
H294141045	黃淑婷	69	2	3	7	9	8	19	13	14	15	16
B297036321	陳雅茹	96	2	3	7	6	9	19	11	18	17	12
A296036442	李俊原	73	2	3	7	6	10	13	11	15	19	14
F197024725	吳佩軒	91	1	5	7	9	6	14	15	16	19	17
D291119190	林雅珠	87	2	5	8	10	6	18	13	11	14	12
D191828754	謝義添	63	1	4	6	8	10	13	18	19	20	14
D194289026	張瑋山	63	2	4	7	9	6	20	13	19	18	16
E293854666	戴鴻如	96	1	4	8	7	6	17	11	15	16	13
C299127764	許瑞盈	100	2	3	9	7	10	15	17	20	12	14
D193010018	陸子豪	62	2	4	8	9	7	11	20	18	16	15
F298426949	陳淑娟	61	1	3	6	9	10	12	20	16	19	13
C198525531	瞿俊賢	81	2	4	7	8	6	12	18	11	15	16
F194865028	顏小妃	90	1	5	6	8	9	20	16	18	14	13
F198776193	劉俊明	94	1	3	8	6	10	12	16	11	17	15
C293554016	劉怡靜	60	2	4	9	10	7	19	18	14	16	13
B296570075	李彥璋	95	1	3	6	9	8	15	19	12	13	18
D297774088	曲俊男	61	2	3	10	7	8	19	16	14	20	12
E197702189	孫曼恒	72	1	3	9	7	10	20	18	12	14	16
F195882701	陳佳良	68	2	4	7	10	6	17	12	14	13	15
H297327690	鄭孝容	91	2	4	7	10	8	15	14	17	16	20
A292426600	許怡欣	70	1	3	9	8	10	11	19	16	13	17
B196914271	李佳毓	68	1	5	8	6	9	18	20	15	13	19
H291399110	劉冠輝	88	2	3	6	9	10	14	18	15	19	17
F197298065	王智山	85	2	4	10	7	8	12	15	18	13	17
G296200180	張豐延	95	2	4	7	6	8	18	13	12	19	14
F195471842	李尹勇	98	1	5	7	8	9	11	19	13	16	17
A198155537	李宜盛	82	2	4	7	9	6	16	15	13	14	11
D291229299	黎國中	90	2	5	7	8	6	16	14	18	20	19
E196050515	吳家良	64	2	5	7	6	10	17	15	12	16	18
F193413735	李政宇	63	1	5	7	9	8	11	15	17	18	12
G195304945	吳慧中	88	2	3	8	9	7	15	11	20	19	14
C298832882	王寶原	94	2	5	9	10	7	16	18	19	12	15
F297623613	倪舒婷	94	1	5	9	8	10	14	15	17	18	16
C295910227	林秀念	97	2	4	7	6	8	20	18	12	16	17
B295829364	姚聖凱	83	1	3	10	6	7	13	19	20	17	12
B291123496	楊緯紫	92	1	5	7	10	8	17	14	11	12	15
B195839939	姜揚枝	92	2	4	9	7	10	17	15	12	20	19
H295866185	時淑火	78	2	4	7	10	6	13	12	16	14	15
C193201090	許惠淑	63	2	5	8	10	6	12	20	15	17	18
C296299870	陳思宸	95	1	4	10	7	6	15	20	19	17	13
C291633201	陳雅娟	84	2	4	10	7	6	15	16	20	18	17
A295632253	陳昱城	72	1	3	7	6	10	18	19	11	14	17
G191870617	許淑吟	82	2	5	9	6	7	20	18	13	17	12
H296041404	錢育瑋	92	2	4	7	6	8	18	17	14	11	19
H295972982	陳士羽	95	2	3	9	6	7	14	15	13	19	18
G191940598	沈丹群	71	1	3	10	9	7	12	15	20	16	11
D199925714	賴昇延	80	2	3	10	8	7	14	13	19	16	18
A194588709	李怡佳	93	2	5	10	8	7	11	20	17	19	15
C197474286	林江韋	71	2	5	9	6	8	11	17	13	16	14
A295279283	吳豪勇	87	2	3	6	7	10	15	16	20	19	17
A198562532	李淑貞	96	1	3	7	9	10	17	13	19	12	14
F197946879	林淑芬	94	1	4	8	9	7	20	15	17	12	19
C191204271	周俊翔	72	1	5	10	9	6	15	20	12	19	11
D195375781	賴睿誠	80	1	3	6	10	9	15	13	16	18	14
A292658862	盧思豪	93	1	5	8	9	6	16	14	17	20	15
D299704413	洪昱廷	78	1	5	7	6	10	20	16	15	19	13
C193461041	蔡俊廷	67	1	4	10	7	6	17	20	13	18	14
A295450019	王秀行	95	2	3	10	7	9	18	15	17	11	12
C198838042	呂崇航	89	1	4	10	9	8	19	11	13	16	12
D297991785	林鈺亨	70	2	3	10	9	7	14	18	12	11	13
E193464044	葉孟穎	82	1	3	9	7	10	20	18	15	13	11
E197681818	林怡博	100	1	5	9	10	8	12	16	19	11	15
A192091356	王玫蓉	82	1	5	7	10	9	19	17	14	12	15
E298788032	林堅佳	91	2	4	6	10	9	12	11	15	19	17
F196121930	劉怡如	62	1	3	6	10	9	20	19	15	11	13
G192184236	羅鎮輝	65	2	5	7	9	6	17	18	20	15	12
E297039343	陳品倩	92	1	5	10	9	7	15	18	12	16	11
E296538132	袁京哲	87	2	4	9	8	6	12	11	14	18	19
A299816086	鄭冰全	89	2	3	7	8	10	16	13	15	12	18
F193685375	張慧茹	82	1	3	7	10	9	15	17	19	18	14
H294627175	黃文修	69	2	5	8	7	9	14	17	15	18	19
F199920015	曾裕翔	80	2	4	10	7	6	18	14	11	16	19
F294202961	陳民星	75	1	5	9	7	8	20	18	15	14	19
F191007337	劉鈺婷	78	2	4	8	6	9	11	16	14	19	17
H197629231	黎佩君	77	2	4	8	7	9	20	19	16	12	17
A291625770	孫韻如	67	2	5	7	8	6	17	11	18	13	15
D292319710	楊淑婷	95	1	3	9	8	7	17	13	15	12	19
G293299443	高孟君	63	2	5	9	10	7	15	11	13	16	18
F191567598	陳旭茵	82	2	3	8	10	7	16	12	18	14	13
D194085591	李志成	85	2	4	6	7	9	20	11	14	13	17
A197060226	黃淑貞	88	2	5	6	10	7	14	19	18	16	17
F197421322	蘇珍康	68	1	4	8	7	9	20	11	14	17	12
D192671820	陳冠旭	60	1	5	9	8	10	15	12	19	17	14
A194597191	張宗翰	97	1	3	8	7	9	18	14	20	12	17
C296364505	林柏宏	76	1	4	8	7	9	15	17	14	18	20
A196049705	許子春	60	2	3	8	10	7	11	15	17	16	18
H193455548	林彥香	93	2	3	9	6	7	12	16	20	17	13
F299179958	陳柏聖	79	1	5	6	10	9	19	11	17	18	14
H291605042	謝淑芳	81	1	3	7	8	6	13	15	14	20	16
B294725876	何婷正	65	1	4	9	7	6	20	14	19	16	18
F194387289	孫美慧	99	1	4	9	10	6	19	14	18	13	12
E292924418	楊志強	99	2	3	6	7	8	16	20	13	14	12
C297526938	陳政成	77	2	3	9	10	8	16	11	20	13	14
A198103033	吳孟修	75	1	3	10	8	6	12	15	17	14	19
E297318045	陳倫妍	93	2	4	10	9	6	18	13	14	11	19
B297372000	蔡凱婷	62	1	5	7	6	10	14	12	11	16	17
D292105029	李珮誠	77	2	3	7	10	6	15	13	12	16	20
F298145216	鄧佑霖	89	2	3	9	8	6	18	13	12	14	15
D196752737	邱佩珊	86	1	5	9	7	6	13	19	17	18	15
C192783557	陳佳伶	81	1	3	8	10	9	16	20	18	12	11
E195171748	張怡婷	97	2	3	7	6	8	11	15	14	19	16
G194429514	胡靜如	82	2	3	9	7	8	13	14	18	20	15
D193851902	蘇亭啟	97	2	5	8	9	7	12	17	13	20	19
B294470465	杜惠珠	78	2	4	7	9	10	20	14	11	16	19
E291037998	吳俊純	78	1	4	7	6	9	14	16	17	18	11
A198634962	陳新月	81	2	3	6	8	7	13	14	20	17	19
C298664839	洪伊韻	93	2	5	7	6	10	12	14	16	18	13
A291765797	李明其	84	1	4	9	8	10	18	12	19	14	13
G193108034	陳怡萱	60	2	4	8	7	10	19	14	20	18	15
C194778901	黃彥伶	64	1	3	8	6	9	11	13	20	12	14
A294066764	柳春欣	72	2	3	8	9	10	13	12	15	17	19
E298878899	楊曼瑞	92	1	5	6	8	7	20	16	15	13	17
E192889949	蘇雅辰	73	2	4	8	7	6	20	16	11	19	15
A295417005	鄭麗軍	98	1	4	7	10	6	16	15	18	20	12
D297117574	林嘉湖	82	1	4	6	8	9	20	18	12	17	15
A293529548	郭雅鑫	89	2	3	9	7	8	11	14	19	20	16
C191366052	劉淑玲	63	1	5	6	10	7	13	18	15	16	19
E295894462	郭佳欣	84	1	3	6	8	7	15	14	12	16	20
G199063383	黃國心	64	1	3	10	8	6	12	15	16	17	20
H197395767	吳冠雪	88	2	5	6	8	7	18	11	15	17	20
F296388188	吳明惠	90	2	3	10	6	7	11	13	12	19	17
F198463600	曾俊吉	85	1	5	6	9	10	19	17	20	15	12
F293719403	蔡智偉	60	1	4	9	6	7	13	16	19	15	20
G194534976	詹孟儒	81	2	4	7	9	10	12	20	14	19	15
F299167332	陳懿佐	82	1	4	6	9	10	11	18	13	14	20
D299621473	蘇浩胤	61	1	5	8	10	7	17	13	14	15	11
C195474126	曾芃屏	98	1	5	8	9	10	17	12	19	20	13
H293392459	吳任苓	80	2	3	9	8	6	20	12	13	14	19
D295711976	鐘淑珍	82	1	5	8	6	9	12	18	13	20	19
D291937438	沈其綠	92	1	3	7	6	9	18	11	17	16	19
F197705681	王郁婷	76	1	5	9	6	10	19	20	11	17	14
A299684986	楊淑育	64	1	5	8	7	6	15	20	14	17	13
A194728767	王思婷	63	2	5	8	7	9	15	18	14	17	19
B194490072	張妍堅	78	1	4	10	6	7	18	19	11	17	15
C196698059	張伶政	94	2	5	9	7	6	15	18	13	20	17
G294156938	陳英傑	60	2	5	7	10	9	20	13	15	12	11
F299772208	黃政儒	98	2	4	6	7	10	13	16	18	17	15
A192106932	林益燦	97	1	3	7	8	10	18	17	20	19	15
D194382380	許和容	68	1	3	10	7	9	12	19	16	14	11
C294943151	蘇珈文	65	1	5	10	9	8	19	14	16	15	20
D299195674	王郁佩	97	1	4	9	8	7	17	13	20	15	16
H195193612	唐湘維	86	1	5	10	6	9	19	16	12	11	18
E194212204	林晏能	94	1	4	8	7	6	17	19	15	12	13
D192245820	耿啟順	93	1	3	9	7	6	20	14	12	18	16
H196292865	賴佩芬	68	2	3	9	6	7	11	14	19	13	20
D194748002	許慧婷	87	1	5	10	6	7	17	11	20	15	19
A192365511	蔡士鑫	75	1	5	10	9	8	17	11	18	20	16
E292220371	吳思貴	87	2	4	7	6	8	14	20	11	18	12
C191127788	王方來	61	2	3	7	6	8	18	20	17	13	14
F198401860	秦明憲	61	2	4	10	8	7	18	14	20	15	11
A294212060	陳政喜	77	2	4	6	8	10	14	16	11	19	20
H299103456	程瓊慧	62	2	4	7	6	9	16	12	18	14	13
F299953669	林靜如	93	2	4	6	8	10	20	12	16	13	14
E192807107	賴蘭定	95	2	5	6	7	10	12	15	18	20	13
C195237954	蔣士哲	100	1	4	9	10	6	14	12	16	13	17
A296078664	王智音	90	1	3	7	9	10	18	19	12	11	20
H198468054	藍仰岳	65	2	3	7	10	6	15	14	18	12	16
D197145834	鄭吟邦	61	2	5	7	8	9	17	13	18	11	19
H198383672	鄭琬燦	78	1	4	6	10	8	14	15	13	11	20
F297772059	趙裕仁	62	1	4	6	9	8	17	20	12	14	11
H199894414	陳禹祥	65	2	5	6	10	9	17	19	16	11	14
C195612386	李雅慧	70	2	4	10	8	6	14	17	16	18	12
E294252951	謝向彥	63	2	4	9	7	8	17	18	11	12	15
G293826753	葉佩珊	71	1	4	10	7	8	18	17	11	12	20
B297503765	吳柏菱	89	1	3	9	7	8	13	15	19	12	14
E295184827	牛小恭	71	1	5	7	6	8	12	14	16	18	15
D194423993	吳文海	62	1	4	10	6	9	15	18	20	19	13
C298607870	林瑜白	66	1	4	7	10	6	14	13	15	11	16
C195697496	張大鈞	78	1	5	9	8	6	12	15	13	16	20
B299040225	黃美任	72	2	5	10	7	9	17	14	19	16	13
B197403151	吳信雯	77	1	5	6	10	9	16	13	14	20	17
A292074491	吳育維	95	2	5	8	9	7	16	12	13	17	15
G193733653	陳姵隆	80	2	4	9	10	8	13	18	20	12	17
E295356690	楊雅玲	74	2	3	9	7	10	11	15	17	14	20
C199070866	陳穎卉	89	2	4	7	10	9	13	14	12	16	11
H298594015	鄭韋水	65	2	5	8	6	7	12	18	20	13	19
C199628228	蔡哲瑋	82	1	4	6	8	10	14	13	18	17	16
F197444674	陳明憲	78	2	4	7	8	6	13	16	17	19	11
D295297962	周怡宜	85	2	3	7	8	10	16	14	11	17	15
C199563624	李俊妤	99	2	3	8	7	10	18	19	17	14	16
D293604094	陳玲夫	64	2	4	10	8	7	15	18	11	16	14
A196769248	蔡宜芳	81	1	4	7	6	10	18	13	19	12	17
F199416829	張鈞意	94	2	3	6	8	9	17	20	16	14	11
G198297198	晏人岳	70	2	3	6	9	10	15	12	17	13	11
E198712349	杜美玲	65	1	4	9	6	7	18	15	11	19	20
H191612509	李佩蓁	84	1	4	6	7	8	20	18	17	12	15
H292027837	劉怡芷	71	2	5	6	9	10	15	17	19	16	20
C195213267	呂婉玲	82	1	4	7	8	9	14	13	17	18	16
A298626784	李靜宜	90	1	3	6	8	9	16	17	18	20	12
C296753271	蔡欣怡	81	2	3	10	6	7	12	13	15	19	16
C195721497	蔡珍卿	90	1	3	9	7	10	19	16	12	20	14
A296196658	張鈞書	86	2	3	9	8	6	16	17	13	11	15
C198502618	林明幸	71	1	3	7	9	10	18	19	16	15	11
A196140083	劉怡旺	71	2	5	10	9	8	15	18	12	13	16
E294465065	陳肇昌	86	2	3	7	6	9	18	11	13	20	12
C299345771	許喜江	79	2	4	9	6	7	14	17	18	13	16
B194468669	鈕淑玲	80	2	3	9	10	6	11	14	17	12	16
H294470578	蔡小文	93	1	5	10	6	9	12	11	14	20	13
G192426060	劉政儒	60	2	5	6	7	10	12	18	14	11	15
D193426749	劉佳修	97	2	4	7	8	9	17	14	15	16	20
E193442762	陳旺岑	72	2	4	10	8	9	13	20	19	17	14
C191528196	陳美忠	90	1	3	7	8	6	19	11	13	12	15
A192793533	陳紫筠	94	1	5	8	7	10	15	18	14	13	11
G299673078	吳佩元	86	2	5	7	10	6	13	14	11	19	18
G197053085	楊瑋維	85	2	4	9	7	6	20	16	14	17	11
B194938442	林俊宏	71	1	5	9	7	6	20	17	15	16	19
D292633420	周東琪	67	1	5	7	6	8	18	12	15	11	17
H293450027	林宜霞	65	1	3	8	6	9	11	12	15	19	18
C191447392	林軒燦	69	2	4	6	7	10	13	17	19	20	15
D198034474	徐柏勳	63	2	3	9	10	8	17	14	19	11	15
F293685902	黃淑貞	69	1	3	7	6	9	15	16	19	20	17
C294138490	葉建宏	64	1	5	8	9	6	15	18	12	17	14
G191034666	林文祥	95	2	4	6	9	7	19	20	18	11	16
B193607448	陳志強	83	2	5	9	7	8	17	19	15	18	12
B291469666	謝康順	70	1	3	6	9	7	12	17	11	13	18
B291243671	李鴻善	75	1	3	8	6	9	19	13	16	17	15
C199319055	李歡函	71	1	3	8	6	10	11	14	12	18	16
H192694783	顏昭倫	60	2	5	7	10	9	20	11	16	12	17
E294568490	陳怡禎	88	1	4	8	9	7	18	15	12	19	20
C197175288	蔡明雲	95	2	5	9	6	8	14	18	12	13	17
C294442524	黃冠雅	75	1	3	8	7	6	16	17	12	19	13
E191759764	宋善喬	64	2	5	10	9	8	15	16	14	19	17
D192863837	杜妍青	64	1	3	9	6	8	15	18	17	19	20
H197589554	蔡冠傑	64	1	3	10	7	8	15	16	18	20	12
D191616923	袁曉萍	76	1	5	7	10	6	19	14	18	13	15
H295626038	林雅貞	96	2	3	10	9	8	20	12	18	17	14
F198230263	蔡宜孝	73	2	4	7	9	8	19	14	13	11	15
F296347641	李志明	83	1	4	9	10	6	13	20	12	14	11
B197786422	謝喜以	93	2	4	9	10	6	17	14	19	20	12
H191416561	涂艾欣	62	1	4	9	8	10	13	11	15	12	17
F197846785	張俊吉	80	1	3	6	10	7	12	11	14	15	16
F191156166	潘俊賢	98	2	5	9	10	6	18	13	19	14	16
C198296375	朱嘉偉	72	2	4	8	7	9	15	17	20	11	16
G199109697	王淑珍	62	1	5	6	8	10	19	15	16	12	20
B293829035	劉思涵	100	2	3	6	7	10	17	18	16	11	12
D293508784	劉鴻芝	79	2	5	10	6	8	11	13	15	18	12
H293461511	賴家瑋	85	1	3	9	6	8	13	14	16	15	19
C197084362	王宜靜	86	2	3	10	9	7	12	16	17	14	15
A296228182	吳玟政	100	2	5	9	6	8	11	13	20	16	19
H297511656	吳秋音	93	1	3	6	7	8	19	14	11	18	16
G295433238	曹政哲	94	2	5	10	9	6	12	14	18	20	19
H196474223	林晏伶	86	2	3	9	6	10	16	13	19	15	17
A192240788	徐為娟	76	2	5	7	6	8	12	11	14	13	16
G298363591	郭怡和	100	1	4	6	9	8	15	19	20	14	17
E293108061	尹漢佐	94	1	5	6	8	7	18	17	11	15	16
H194040612	姚常宇	88	1	4	7	6	10	20	12	19	14	13
D193634483	鐘智傑	89	1	4	10	6	8	16	13	11	18	15
C298961164	陳嘉宏	92	2	3	7	6	10	12	20	19	14	13
D193169043	阮伶智	76	2	5	10	8	7	12	16	20	18	14
G296693167	林建純	68	2	5	10	6	8	18	12	16	20	17
A292318103	顏俊維	98	2	5	7	10	6	12	11	20	16	18
C191129095	孫湘彬	94	1	5	6	8	10	19	13	11	14	15
B292156408	盧智文	89	2	5	8	7	10	16	17	19	20	13
G196976525	周允信	99	1	3	7	10	9	11	13	15	19	18
G196033892	王欣怡	88	1	3	6	9	7	15	16	19	12	18
A294662391	鄭慧玲	77	1	5	8	6	9	20	15	16	14	13
A293426113	吳昕蕙	65	2	4	6	8	9	11	13	12	15	16
C295758576	林菁樺	87	1	3	10	6	9	19	17	12	15	11
D299176204	陳善全	79	1	5	10	9	8	14	16	13	17	12
E198920350	李胤法	68	1	4	6	7	8	15	13	17	16	20
A297540543	李嘉文	98	1	5	10	6	8	19	17	12	15	20
H199445984	賴敏琦	79	2	4	7	6	8	20	18	11	15	12
C292558994	陳銘蓁	71	2	4	7	9	10	14	19	15	16	13
C198469930	黃政元	99	2	5	8	7	10	20	15	14	12	19
D191897857	郭皓山	62	2	5	9	10	7	13	11	17	16	20
H191086438	陳耀中	91	1	5	8	6	7	15	19	14	18	13
B196507696	張雅雯	93	1	5	9	8	10	13	20	18	16	15
G195175793	裴國維	96	2	3	9	10	6	12	18	13	19	20
G298995511	蕭彥霖	90	2	3	7	6	8	14	16	17	15	20
G195822411	蔡筠祥	69	2	4	6	9	10	16	14	15	11	18
A295500345	巫育萱	64	1	3	10	6	9	18	13	14	16	19
G291211469	李堯卉	91	2	5	7	8	10	13	14	16	11	12
E191338587	張淑芬	84	2	3	6	10	9	18	12	16	15	20
D293186297	羅怡伶	94	2	3	6	7	10	17	20	13	15	14
B194747905	陳石紋	66	2	3	10	8	7	18	13	20	14	17
E194793928	陳品修	76	1	4	10	6	9	16	17	20	19	14
H191785712	許佳瑩	88	1	5	8	6	7	11	15	14	19	17
B198253824	吳姿心	76	1	3	10	9	6	14	15	17	12	19
A195569271	謝哲瑋	72	1	4	9	7	8	14	19	17	20	18
H295804050	林子聖	61	2	4	8	9	10	18	14	11	13	17
B198008365	鄧鈞凱	85	2	3	8	7	9	18	20	17	13	15
A295975584	鐘家宏	67	1	3	8	7	6	17	11	12	19	20
G191973533	陳茹嬌	79	2	4	8	6	10	15	18	11	16	13
A297294840	沈翔元	100	2	4	10	7	6	12	13	15	14	20
E294135599	鄭威廷	96	2	5	10	8	7	15	18	20	16	12
H192336035	李俊宏	92	1	5	9	10	8	15	16	17	13	18
F293623224	鄭家綺	60	1	3	7	6	10	12	16	20	19	14
C296161291	陳友木	73	2	3	9	7	10	17	15	13	14	18
B199596248	張文彬	91	2	4	10	8	7	14	12	20	15	19
H292072654	齊美岑	60	2	3	9	7	6	13	11	18	17	19
B196539830	羅威宇	82	1	4	9	10	8	19	18	11	20	16
E293445694	張名君	87	2	5	6	8	9	18	15	20	12	16
D194089768	張健忠	69	2	3	10	6	7	15	13	14	19	16
H294783043	林健豪	97	2	4	8	9	10	16	15	12	20	19
B291820954	陳曉易	75	2	3	8	9	10	13	16	19	11	18
F296371772	賈思賢	71	2	3	6	9	7	19	17	16	14	15
D294701716	徐慧君	88	2	5	6	7	9	12	13	18	17	15
E191795617	孫培芷	66	2	4	7	8	9	18	16	11	17	14
D196865373	謝依婷	62	2	3	8	10	6	20	11	17	13	14
G294222008	苗夙燦	91	1	5	9	7	6	14	13	19	17	12
B197338177	郭怡亨	83	1	5	8	9	6	11	15	17	18	12
F196424374	蕭江嬌	86	2	4	10	8	6	11	12	17	13	20
E291321342	曹淑惠	87	1	3	10	9	7	18	11	13	15	12
H195472243	汪惠雯	98	1	4	6	7	9	15	14	13	11	17
E298326578	林淑慈	65	1	4	6	8	9	11	20	15	16	14
B292148531	駱禎生	76	1	4	8	10	6	13	19	18	12	20
A294866175	林瑋依	78	2	4	6	7	9	18	16	12	11	14
H193523201	林修雲	95	1	4	6	7	8	18	15	14	19	20
A194470239	王永天	73	1	5	10	8	7	13	12	19	11	20
E195159199	方吟嬌	90	1	4	7	6	8	17	15	19	20	16
H197765278	戎惠玲	97	1	4	7	8	10	15	19	17	11	16
D193745392	竺恭法	63	2	4	9	6	8	17	18	19	13	16
C191777644	黃明憲	63	2	4	9	7	6	11	12	18	13	14
E197701600	吳孟利	89	1	4	9	10	7	20	12	17	18	15
C291787802	黃志明	84	1	3	9	6	8	15	12	19	11	17
G292790058	梁雪蓉	60	1	4	9	6	8	17	19	15	18	11
C294788310	黃冠宇	63	1	3	9	10	8	14	16	13	17	15
E295014811	張雅香	63	2	5	6	7	8	20	15	13	14	18
C299323364	張維凡	70	1	5	6	10	8	14	20	11	12	15
G295914701	郭樂善	81	1	4	10	6	7	20	12	15	19	18
C297687472	吳孟一	73	1	4	9	6	10	13	11	19	15	16
C299617978	胡筱婷	77	1	4	10	8	6	16	17	18	11	15
E193295147	高佳儀	100	1	4	8	9	10	13	16	15	18	12
B299922580	隆柏翰	92	1	3	6	8	7	12	18	16	17	19
C299540810	謝元淳	90	2	4	9	10	8	15	19	12	20	17
A292484737	廖珮如	88	2	5	8	10	9	14	18	11	19	12
E292570250	郭欣瑜	98	1	4	10	6	7	13	12	20	19	18
F297850807	黃建宏	67	1	3	8	9	10	16	14	17	11	19
B196799523	陳佩珊	89	2	5	9	8	10	14	18	19	13	11
H194639002	張凱岑	93	2	4	6	10	9	18	13	11	17	15
D199882367	黃正娥	85	2	5	7	9	6	16	18	17	12	11
G292070720	何少娥	98	2	3	10	7	8	18	14	16	19	15
A297974816	余武姍	97	1	3	6	7	10	11	20	13	14	12
B292491199	吳怡婷	87	2	5	10	7	9	13	18	19	16	14
E291937475	劉建屏	60	1	3	6	9	7	17	12	15	20	14
A291997539	林彥翔	79	1	3	8	6	10	11	18	16	19	15
G292702067	曹玉玲	80	1	3	7	6	10	19	20	12	14	18
E191046511	詹祥睿	69	1	4	8	6	10	19	16	13	14	17
E296175368	王文豪	85	2	3	10	8	9	17	11	16	20	15
D296561087	林承書	74	1	3	7	8	10	20	13	16	12	11
B199174448	楊曉薇	88	1	4	10	9	8	15	16	11	19	20
C299366154	謝麗治	67	1	3	10	6	7	19	15	12	14	18
G294115820	陳峻豪	80	1	4	7	8	10	19	14	13	17	16
A191298557	李世昌	73	1	4	10	9	8	16	13	12	20	19
D295910933	蔡俊穎	87	2	5	7	9	6	14	13	15	11	17
C197427625	張玉福	79	1	4	8	10	6	19	20	18	12	11
G195278753	陳石娥	93	2	4	8	10	6	14	16	20	13	15
E198963604	羅博海	99	2	3	10	6	8	13	20	14	15	19
B196842485	蔡佩宣	63	1	4	8	10	9	17	13	20	19	16
D292482978	張茹亞	76	2	4	6	10	8	12	18	17	13	14
H192259999	黃常蓮	92	2	4	8	6	9	13	20	15	17	14
B291346659	郭政儒	93	1	5	10	8	9	15	18	19	11	16
C299799368	胡仰軍	97	1	4	10	6	7	11	17	19	12	14
G296589453	蔡俊賢	77	1	4	10	7	8	16	19	17	20	18
B297746948	金京城	87	2	4	7	9	10	11	14	13	16	12
G295853614	李陽珍	84	2	4	6	9	8	11	19	20	14	13
G198780152	郭淑君	73	1	3	10	9	6	19	16	15	18	17
H196124648	柯芃珊	62	2	5	10	9	8	19	12	18	11	13
E192486028	李韋燕	87	1	5	8	6	10	15	18	19	20	14
E197978316	林于成	100	2	4	8	9	7	17	19	13	12	14
F299872534	劉淑其	82	2	3	10	9	8	13	11	16	15	14
G296382972	陳子揚	88	2	4	10	7	6	16	11	13	19	18
G191903344	黃彥惟	62	2	3	9	7	10	11	16	20	19	15
E192379546	劉靜怡	61	1	5	10	8	9	19	20	14	17	15
E295544770	張佳伶	60	2	5	7	8	6	13	18	12	11	17
A197352845	吳祖城	70	1	4	8	10	6	17	11	15	12	14
F294849277	範富航	71	2	5	9	10	6	11	18	17	12	16
E292721739	黃玉婷	62	1	4	7	6	10	19	17	16	18	15
G196250651	蔡姿君	60	1	5	8	6	9	18	20	17	12	11
G292366589	張禎瑋	99	1	3	8	9	10	15	12	17	16	13
D192700513	連文傑	88	2	3	8	7	10	17	14	16	18	15
F295471086	蔡欣希	96	1	3	10	8	9	14	13	16	11	15
H199378068	林恒意	64	1	4	9	8	10	13	11	15	16	14
E197645769	蔡宛儒	90	1	5	10	7	8	17	11	13	15	12
C293811178	陳虹修	81	2	4	6	8	7	15	14	13	16	19
A299362396	周漢蓁	97	2	5	10	8	6	17	13	20	15	11
D196310711	杜家維	82	1	3	9	10	8	18	12	15	20	17
C294829138	許子翔	62	2	4	10	6	7	17	12	20	16	19
G295291169	魏凱文	71	1	5	7	9	10	20	18	17	19	11
G192416788	仇松洋	100	1	3	8	6	10	13	20	18	11	16
G194415850	王俊成	77	2	4	10	6	9	16	15	19	14	20
C299401934	童陽邦	83	2	4	9	7	6	18	13	12	20	17
C292474466	程涵芸	71	1	4	6	7	9	19	14	17	13	15
E195758978	劉育富	81	2	4	9	10	8	20	19	12	13	14
A293068031	鄭穎臻	81	1	4	6	9	8	19	12	20	11	15
E297133373	張法孜	78	2	3	10	7	8	12	16	17	11	20
C292703177	余哲新	76	2	5	8	10	7	19	17	11	14	20
B296081546	賴其文	90	1	5	7	8	6	15	12	16	18	20
F193168691	林芳妤	99	2	3	9	7	8	20	12	18	15	13
G195967675	林佳珮	85	2	3	8	6	10	20	11	12	16	17
E195394027	周淑媛	91	1	3	6	10	9	16	15	11	12	14
C195796636	周振豪	68	2	3	9	8	6	12	17	20	13	11
F194648670	潘宇軒	60	2	3	6	8	7	12	17	13	20	16
A191251394	涂惠玲	86	2	4	10	9	8	19	12	18	13	16
H191234201	楊志宏	77	2	3	7	8	6	11	19	13	15	12
E196239810	邱憲蘋	77	2	3	10	9	7	14	18	20	15	13
H193870296	郭淑芳	82	1	3	9	8	6	15	16	19	11	20
E299415001	翁喜順	80	1	5	8	10	7	12	17	15	11	18
F198212934	黃婷寶	67	1	5	9	6	10	19	16	18	11	12
D292427093	陳虹吟	92	2	4	10	7	6	13	11	14	15	20
D297634294	李冠廷	79	2	3	8	10	6	17	13	14	15	18
F195451439	蔡敏綺	98	1	3	7	8	10	19	13	16	11	18
F292425019	黃辰堅	84	1	5	7	6	8	18	13	17	15	12
H299617473	胡偉銘	61	1	3	10	7	9	19	11	14	17	15
B292737270	樂凡琴	66	2	4	9	10	8	18	14	20	17	12
G292312143	高政宏	65	2	3	9	7	6	14	16	19	18	20
F192669733	黃又潔	85	2	4	6	7	8	14	11	20	18	16
B295823013	林國劭	77	1	3	7	6	9	14	15	11	13	18
E299887061	張其海	91	1	3	6	8	9	19	14	20	17	15
C293579193	沈牧星	92	1	4	9	10	7	14	13	16	20	17
A294617967	丁美珍	66	1	5	6	10	7	16	19	17	18	11
B193424467	姜俊毅	60	2	5	9	7	10	19	16	17	14	15
A195681978	劉育均	78	1	3	6	8	7	16	12	11	14	18
E194182872	吳秋輝	74	2	4	9	6	8	18	15	13	17	14
G291625981	馮思潔	80	1	5	10	8	6	18	13	16	17	19
F196579543	邱禹來	81	2	3	10	9	6	15	13	14	20	12
B292331303	林雅忠	85	1	3	10	6	9	18	19	12	15	14
E198808555	蔣紀正	69	1	5	9	8	6	13	11	19	15	12
G193458539	謝易茂	63	1	3	10	7	9	14	17	16	19	11
C296300494	陳信欣	71	1	3	6	8	10	19	15	17	18	14
H292925767	鄭晉強	96	2	3	10	7	8	16	20	14	17	18
E294269438	阮瑋倫	61	2	5	6	8	10	19	17	14	12	13
E197663365	李憲劭	90	1	3	8	9	10	20	19	14	15	11
B192699022	柯沛剛	95	2	5	6	9	8	12	16	17	13	19
E196357804	鄧淑志	76	2	4	9	7	6	13	12	14	20	15
C191640884	陳雅雯	79	1	4	7	6	9	18	11	16	17	13
G297932887	王玉卿	83	1	3	9	10	8	16	12	11	14	15
H293565345	李思昇	90	2	3	8	6	7	12	15	20	13	17
H198921869	黃哲綺	77	2	3	8	7	6	18	19	14	20	17
H194821804	賴宜君	66	2	5	8	10	9	18	12	17	16	20
E196916527	張麗卿	98	1	5	7	9	10	19	14	18	20	16
D196424989	李希夫	63	1	3	7	10	6	18	17	13	12	16
G298950496	宣亞富	81	1	5	7	10	9	19	18	20	11	15
A191475796	林曉桂	89	2	3	9	10	6	16	20	13	11	19
B296108695	黃麗定	94	1	5	10	9	6	11	12	17	19	13
H294097926	陳婉婷	85	2	3	10	7	9	16	17	12	15	14
D199067593	許群甫	95	1	3	7	8	10	11	16	18	15	13
C195799146	王雅琳	71	1	3	6	8	7	11	17	13	19	18
A298000931	白美玲	76	1	3	8	7	10	17	19	20	11	13
D193126315	林人水	81	2	3	9	6	10	15	17	12	13	18
F291594300	吳明羽	70	1	4	8	6	9	14	13	11	17	15
C198589857	許孟哲	75	1	4	9	8	7	19	18	15	17	16
C191954561	陳虹平	82	2	5	6	8	9	18	14	11	20	15
C294858764	黃胤梅	60	2	3	9	8	6	17	11	15	19	13
F193852830	宋合丹	65	2	4	8	9	7	19	12	14	18	17
A192268606	劉偉智	85	1	4	6	9	7	15	11	14	19	20
A294265696	陳筱政	90	1	3	9	7	6	17	14	19	13	15
A295994294	劉竹娟	96	1	5	10	9	8	18	14	11	13	15
B299169010	曹佩珊	91	1	4	6	7	9	19	16	18	15	14
G293961800	金珊木	100	1	5	10	7	8	13	15	19	14	16
A298081141	陳彥新	95	2	5	7	9	10	19	14	11	16	17
E295391082	張行	97	2	4	6	7	8	18	13	11	19	12
G191108456	黃淑吉	62	1	4	6	7	9	18	11	19	15	20
H198892612	鄭容依	80	2	3	10	8	7	15	12	18	20	16
A194333795	梁彥伶	75	2	4	10	6	7	11	20	13	16	18
E197754530	張庭仁	67	2	5	8	6	9	13	11	14	17	18
D296159185	張婕妤	92	2	3	6	8	10	17	20	18	19	13
F196597621	黃珮以	81	1	3	10	9	7	13	16	20	12	19
H297046243	翟依潔	65	2	3	8	6	9	16	20	18	17	14
H197093731	吳友寧	73	2	3	9	6	8	13	16	11	20	15
C291639249	陳俊緯	89	2	4	9	6	8	19	15	18	14	16
E292300534	楊湖彬	99	1	5	6	9	10	11	17	18	20	19
A198648037	李秀娟	99	2	3	7	9	6	17	11	19	14	15
C194171608	蔡乃淳	69	1	3	8	6	10	20	12	17	19	13
B292327390	陳書瑋	80	2	3	9	10	7	18	15	20	17	19
D295843553	郭家瑋	76	1	3	8	10	9	19	20	12	13	15
H194011755	張姵薇	88	2	4	7	8	9	12	16	14	11	20
E291600286	李玄迪	73	1	4	8	7	10	15	16	19	12	18
G294152912	魏苡雲	66	1	4	7	6	10	19	17	14	18	15
H191511221	李璇玉	62	2	3	6	9	8	20	12	11	16	14
D292121505	李竹明	93	2	4	8	10	9	11	18	15	16	19
G292982672	李佩恩	74	2	4	7	8	6	16	18	14	12	20
H192196264	賴雅文	96	1	5	6	10	8	14	13	20	18	17
C298168234	林竣傑	90	1	5	8	10	7	19	17	15	13	20
D291858192	陳文桂	99	2	5	7	8	6	15	11	14	12	18
E299875258	張惠生	62	2	5	9	10	8	18	13	19	16	20
H192980659	吳凱翔	68	2	5	10	7	9	14	19	20	12	16
F199539498	黃柏鈞	64	1	4	8	10	7	20	13	17	18	14
E194563340	韓伶珍	98	1	4	7	9	6	20	19	17	16	12
D196400523	馮明哲	87	1	4	7	9	10	16	13	18	17	14
F195848521	洪永季	70	1	3	9	7	6	14	17	15	13	12
A298657216	梁偉成	68	1	5	8	7	6	17	13	18	16	15
B291576700	賴佳蓉	60	2	4	6	7	8	16	14	11	15	12
D292541061	林承恩	83	2	5	10	9	6	16	17	11	19	12
C194313884	林于雲	78	2	3	6	8	9	13	19	12	17	18
H195736617	吳秀玲	66	2	5	10	9	6	14	19	11	18	12
E195903099	林威來	61	1	4	6	10	9	12	20	11	17	18
A299850775	陳曉玟	63	2	4	6	10	8	12	14	20	16	19
E193263298	陳立順	71	2	4	6	9	8	18	15	12	19	11
A196197644	張雅晴	67	1	5	7	9	10	17	14	20	16	15
H195060761	崔岱花	95	2	4	8	9	6	19	11	16	17	13
C193544125	翁偉哲	88	1	3	9	6	8	20	13	14	15	19
G199605872	唐秉亮	62	1	3	10	6	8	15	19	18	16	17
B196859006	王又玄	98	2	3	9	10	8	16	20	18	12	13
D295152888	連惠敏	71	2	4	10	9	7	16	11	19	15	12
E299441529	方財茂	62	1	4	6	7	8	17	19	11	18	12
H198277080	馮雅玲	79	1	3	7	8	6	19	15	16	12	14
G294757855	周哲瑋	89	2	4	9	7	8	15	13	12	19	14
B296781381	沈浩玟	78	1	3	8	7	9	12	14	11	13	15
F194801462	李孟勇	68	1	5	8	9	7	16	14	18	19	11
G197256059	李建興	92	2	5	6	9	8	17	14	12	16	20
D198526708	張博盈	90	2	4	10	9	7	12	13	11	16	15
D198847604	朱艾江	83	1	4	6	10	9	19	20	12	11	15
B194923101	王雯豪	70	1	4	7	6	10	18	15	16	20	14
B198574604	鄭珈順	61	2	3	9	6	10	14	17	16	13	11
A299287549	孫盈來	99	1	5	6	9	7	20	18	19	15	11
F292534826	竺欣怡	87	2	5	10	6	8	16	13	12	11	14
G191284184	楊佑霖	72	1	5	10	6	7	16	19	18	15	14
B195874027	林雅玲	70	1	5	9	8	10	13	14	11	16	12
A295565864	陳佩紹	71	1	4	9	7	8	16	17	13	18	19
B297613319	林靜新	61	1	3	10	6	8	15	16	12	13	20
F195617731	吉怡靜	62	2	3	8	9	10	11	15	17	13	16
H199309330	陳昱雯	73	2	4	9	6	8	13	18	16	17	11
D297702500	陳盈迪	62	2	5	6	9	8	12	11	14	13	17
E291177808	王玄毓	100	1	5	8	10	7	12	18	17	11	15
A192804264	黃佳慧	71	1	3	9	8	7	14	16	19	11	15
H191461191	林介劭	79	2	4	6	9	8	11	12	15	19	17
H294802052	陳玉梅	60	2	4	7	9	10	16	12	17	18	19
B291479046	金元紹	78	2	5	6	10	7	11	17	20	15	19
A291125800	耿佳怡	61	2	4	8	9	6	15	19	13	18	17
E193442119	陳昭昀	80	2	4	6	8	9	11	17	16	13	19
F299983587	朱政憲	87	2	5	10	8	7	14	18	16	17	15
B197181865	陳俊緯	88	1	4	6	8	9	13	17	14	19	18
D298000309	陳思姍	66	1	4	10	7	9	18	19	11	14	20
H299488025	賴武玄	76	1	5	10	8	7	15	19	11	20	17
H298207875	李威夫	70	2	4	6	9	10	13	16	18	12	11
F192306017	簡雅萍	80	1	5	6	7	10	15	19	17	12	20
C196620462	潘柏豪	100	1	4	10	6	7	12	18	15	11	13
E194860719	陳雅芳	61	2	3	8	10	7	12	13	20	15	17
F297876865	梁玉玲	75	1	3	7	9	6	17	14	12	15	20
F294159625	劉舒涵	82	1	5	7	10	8	18	15	20	12	16
F293201237	洪容姍	90	2	5	6	9	7	20	16	15	11	14
A195212357	黃淑季	60	2	3	10	7	9	14	16	20	13	12
C291624211	李常麟	96	1	4	6	10	7	13	12	17	16	18
D197193170	蔡雅慧	77	2	5	7	6	9	14	19	16	11	20
A294591735	時建宇	68	1	5	10	8	7	17	20	19	18	12
G195654379	傅志偉	82	2	4	9	10	7	19	18	20	11	12
C294356194	謝婷婷	82	1	5	10	9	6	16	14	20	18	13
A293167860	趙妍香	79	1	3	8	10	6	18	20	17	14	19
F295121698	蔡隆強	100	2	5	8	9	10	17	19	20	16	18
B194657040	林君俐	68	1	5	8	9	10	16	14	13	11	20
H193979034	屈家瑩	62	2	5	6	9	10	18	11	12	13	16
F293705650	陳威士	68	1	5	10	7	6	17	18	12	13	15
A297122376	劉聿雄	99	2	3	7	8	6	16	18	14	19	12
H291605266	陳念瑄	89	1	4	6	9	10	11	13	12	18	16
E299309482	鄭芸喬	60	2	5	7	6	10	19	11	16	13	17
B194130393	許家俐	91	2	5	10	8	7	16	13	11	18	14
E197367117	洪政達	76	2	4	8	10	7	12	11	17	19	13
D292405293	黃淳蘋	63	1	5	8	10	7	19	14	18	20	12
F294011764	趙光鴻	96	2	4	10	9	6	11	17	12	13	19
C196005812	郭俊彥	72	2	3	8	7	9	12	17	11	14	19
A193878026	林誠鴻	95	2	3	7	10	8	11	17	14	15	12
C293433236	曹雅慧	92	1	5	7	8	9	17	15	16	20	18
F197686332	藍怡婷	88	2	4	7	8	10	16	11	12	15	17
H297871942	韓奎羽	92	2	4	7	6	9	13	16	11	17	18
G191876182	黎韋奇	71	1	4	8	9	10	13	20	19	11	16
B196403433	黃麗娟	81	2	5	10	7	6	13	20	17	11	14
A298944867	黃財冰	77	1	3	9	8	10	15	17	12	14	11
B194531498	湯偉智	77	2	5	10	8	7	20	19	15	18	17
F293520166	朱雅萍	96	2	5	8	9	7	18	19	11	13	12
C294509042	王志瑋	98	2	3	6	10	9	16	18	20	19	12
B292274027	賴妙珍	63	1	3	7	10	8	18	17	12	14	15
B192303585	陸詠松	70	1	3	6	10	7	14	20	19	11	15
E199240075	林淑惠	97	2	4	6	9	8	12	19	15	18	17
E295913800	黃靖琴	85	2	3	7	8	6	15	14	16	20	13
A197686533	洪嘉欣	73	2	5	8	10	7	20	11	17	18	14
F299955556	黃雅惠	85	1	3	8	6	7	17	16	11	12	15
H295650936	宋光輝	85	1	4	7	8	9	14	13	12	15	19
H198639991	陳思治	72	2	5	8	6	9	18	20	16	19	17
F191071686	曹亦勇	82	1	5	7	8	6	18	15	14	16	11
D298621282	陳瑋倫	63	1	5	6	10	8	19	12	16	11	18
H296304755	張哲瑋	91	1	5	9	8	6	14	13	18	15	17
D191452787	林雲谷	68	2	3	9	8	7	13	18	12	17	19
F291083562	陳雅慧	81	2	5	8	10	9	18	17	16	19	20
F192577187	黃姿芳	70	1	4	9	6	10	12	13	16	17	14
G297356252	李裕翔	77	1	5	9	7	8	17	13	12	15	19
A299200284	陳柔鴻	84	2	4	8	6	7	11	15	12	18	16
E298212828	蘇淑芬	65	2	4	9	8	10	11	19	16	12	14
C295828644	張嘉恭	75	2	4	8	9	6	18	11	12	15	14
A299220302	趙詩婷	72	1	5	8	9	7	18	14	15	11	17
D193078707	溫雅文	99	2	5	8	7	6	18	20	17	16	12
C296076064	林美豪	76	1	4	8	9	6	19	14	15	20	18
D198505423	張鈞玫	68	2	3	8	9	6	17	12	14	15	13
E194266220	李婉珊	70	2	3	7	9	8	17	18	16	19	12
F293967007	陳治夫	96	1	5	6	8	7	12	19	16	20	17
E199631414	江怡潔	94	2	3	7	6	10	17	20	19	16	15
F197427011	孫淑芬	85	1	5	7	6	8	17	13	19	20	15
H193018349	蘇秋萍	89	1	5	6	8	7	18	11	13	12	16
A299629930	林雯璇	86	1	5	10	9	8	20	15	11	18	13
F295603579	趙山義	73	1	4	6	7	10	20	15	16	17	11
D291009091	楊雅傑	90	1	5	7	8	6	19	15	20	12	13
C298991359	陳怡婷	100	1	4	7	8	10	13	15	11	19	20
C291888975	朱淑芬	80	1	5	8	10	7	12	19	15	18	20
C299488833	陳惠漢	85	2	5	7	6	8	12	19	15	20	14
A199125784	林美平	63	1	5	9	7	8	15	14	17	19	16
A293672615	丁軍萍	74	2	5	9	6	10	19	20	17	14	15
F196095926	王志明	84	2	3	6	10	8	14	19	15	20	16
A299740096	顏云	97	1	5	8	9	10	15	20	12	19	17
D295931594	楊智軒	90	2	4	8	10	7	13	12	19	15	20
H298634738	張佩君	76	1	3	6	10	9	20	17	11	15	12
G197494997	魏淑玲	83	1	5	7	10	8	18	17	12	16	14
E291434586	趙倩茜	80	1	5	8	6	10	14	13	16	20	15
H294449288	魏易怡	96	1	3	10	9	6	13	12	16	18	14
D196002787	陳鈞岑	63	1	3	9	6	8	12	20	13	14	18
E294412822	郭偉成	98	2	5	10	8	7	20	11	15	13	18
B198176626	張火憲	64	2	5	9	10	7	19	14	20	11	15
E193690357	張智恩	67	2	3	10	7	6	18	12	15	16	13
E298652484	林淑仁	98	2	3	10	7	6	20	17	15	11	14
D296487577	呂佳發	71	2	3	8	9	6	12	20	19	18	15
H193318353	蔡筱婷	70	1	4	6	8	10	19	13	16	14	17
A193707497	陳邦帆	85	1	3	9	7	8	17	11	14	20	18
F194041608	鄭琳峰	83	1	4	9	6	7	13	15	16	20	12
C292959393	謝旺謙	71	2	4	7	8	9	11	15	16	13	14
B197434549	李宜珊	76	2	5	8	7	10	16	11	13	17	14
E299929546	袁佳慧	82	2	5	10	6	9	12	13	15	11	17
A292858166	林清綸	77	2	5	10	7	8	16	15	17	12	18
B291488438	朱慧娟	93	2	3	7	6	10	11	12	19	16	18
C299885207	張儒元	99	1	5	10	7	6	14	18	12	17	15
F191009948	曾佩蓉	82	1	3	8	9	10	18	11	20	15	14
B192383476	林怡合	61	1	5	7	9	10	20	16	11	14	17
C296816184	陳姿坤	79	1	3	8	6	10	12	11	16	19	13
F197608954	張秀芬	69	1	3	8	7	10	18	11	19	20	15
A196588136	黃子松	88	1	5	6	9	7	17	15	20	11	13
B294824829	陳秋山	66	1	3	7	6	9	15	12	18	17	11
F196488878	林家銘	95	1	3	10	8	9	12	15	11	17	20
H195062407	連博江	87	2	3	8	6	9	16	17	11	18	19
H291568508	趙采穎	99	1	3	9	8	10	12	16	17	13	19
D292116513	曾乃文	60	2	3	7	9	8	14	13	15	12	16
A297388249	黃家華	77	1	3	6	9	10	17	11	14	19	15
B191040418	王冠傑	70	1	4	10	7	9	20	14	17	11	18
H297932897	高宜靜	73	2	4	8	7	9	19	17	12	14	18
A298628680	周欣瑜	63	2	5	10	8	9	11	17	13	14	18
A196893874	郭文君	91	1	3	9	6	10	19	11	16	12	15
D292616018	陳希延	74	2	3	7	8	10	12	18	19	14	13
G199888335	蔣筱芸	82	1	5	10	6	8	17	19	15	11	16
C296729275	陳怡安	61	1	5	8	9	10	12	15	18	16	20
D294902982	施彥君	83	1	3	7	10	6	18	13	15	17	14
G193828086	李雯燦	68	1	3	8	9	7	15	13	11	18	20
A195575395	曾與霞	96	1	4	9	7	6	18	17	12	14	19
C191780123	林怡芳	100	2	5	7	6	10	15	12	11	13	19
E296552123	李俊宏	65	1	4	7	6	9	14	12	20	19	16
E199852600	陳瑞枝	68	2	4	8	9	10	11	14	18	20	16
C297400135	王卓城	97	1	3	10	8	7	16	19	17	18	14
F195905576	趙詩泰	60	2	5	8	6	7	11	20	12	19	15
F295158597	陳淑萍	94	1	5	9	7	6	19	13	16	17	11
H293912979	賈佳玲	84	2	3	9	6	10	15	17	14	18	19
A193702394	王雅雯	82	2	4	7	9	8	16	14	18	19	11
G199198685	高則彬	93	1	3	6	7	9	13	11	19	16	18
F198541985	賴嘉玲	74	1	3	6	9	10	15	17	20	11	16
E294336283	林威任	92	1	4	6	8	10	18	19	15	14	13
C198293016	黃怡潔	98	2	4	9	6	10	12	19	13	15	14
B299675540	劉晉俊	94	2	4	8	6	9	11	12	16	13	17
G294470719	方友希	75	1	3	9	8	10	20	14	13	16	12
D295548919	張嘉郁	80	1	4	8	6	10	12	15	13	16	18
D296832125	王馨文	60	2	5	10	9	7	15	12	16	11	17
D192131769	張莉婷	96	1	5	7	8	9	14	15	16	20	18
B197378019	彭美惠	100	2	4	9	10	7	12	18	14	15	19
H197163309	顏健賢	91	2	5	9	10	7	15	12	18	20	19
B196979263	蔣育廷	95	1	4	9	10	7	20	14	19	15	12
B199421540	蕭雅孝	64	2	4	10	7	8	20	19	15	11	13
B292489251	趙宜芳	87	2	5	9	8	10	14	11	13	19	15
D292083313	馬曉芬	64	2	5	8	7	9	11	19	17	14	12
F297270621	吳奇恒	85	1	4	6	9	10	12	17	15	19	11
F194264898	洪冠良	90	2	3	7	9	6	14	18	13	12	20
F297329370	陳宏枝	89	1	5	6	9	8	18	14	12	20	17
E294474493	黃玉奇	64	2	3	10	6	9	17	16	14	13	11
B199466049	陳彥宏	67	2	3	9	6	10	16	20	13	14	12
H295984204	謝馥佐	93	1	3	6	9	7	18	11	20	12	14
G293835430	黃文雨	83	1	3	8	7	10	17	16	13	11	20
H292018445	李素江	63	2	5	9	7	6	13	19	11	14	16
C293227514	張嘉達	93	2	3	9	8	7	16	20	12	18	14
G292160578	許宗穎	84	2	4	10	9	6	16	13	20	11	12
G296112872	翁雅婷	71	1	5	8	6	7	16	13	19	11	12
H192432569	劉雅文	72	1	4	9	7	6	13	16	20	14	11
F292964164	盧珍芸	79	2	4	8	9	6	16	17	13	12	18
F292155745	蔡妍昆	77	1	4	8	9	7	13	15	19	14	18
G293983600	藍芳儀	97	1	5	10	8	6	11	18	16	19	13
C195832431	黃世強	94	2	4	6	10	7	11	18	20	12	15
A192204540	駱之安	64	2	5	10	7	9	20	14	15	18	16
G296929046	葉若芷	88	2	3	6	10	9	12	17	15	19	18
A292107566	謝文福	72	1	3	6	8	10	19	15	16	11	12
B297274545	陳思涵	68	1	3	7	10	8	17	19	16	13	11
A299207836	林佩珊	61	2	4	8	9	10	15	19	18	14	16
C196413510	李承康	82	2	4	6	9	10	15	13	17	14	12
A292212295	劉佳琪	75	2	3	9	8	7	18	19	12	17	14
D192334966	林湘芃	61	2	5	6	10	9	16	13	19	17	12
G197687241	朱韻如	72	1	4	7	10	8	18	19	14	15	11
A194547351	林芳容	99	1	4	6	7	9	15	17	11	19	20
C192971333	黃尹惟	84	1	3	8	6	10	11	20	16	17	12
H298733218	劉柏君	82	1	3	6	10	9	13	15	17	11	19
C194732834	李鎮奇	65	1	4	9	8	6	12	20	18	16	11
F196731847	許兆屏	64	2	4	7	9	8	19	20	11	17	18
E291265796	周宛真	97	1	4	9	10	6	12	15	13	19	16
C292666795	楊培軍	63	2	5	9	8	6	20	18	13	16	15
E295232346	黃彥良	96	1	4	7	9	6	17	18	19	12	14
B293521552	吳士星	95	1	3	9	7	10	20	13	19	15	18
G194489127	陳信友	99	1	5	9	7	10	17	15	13	16	14
G198090340	廖崇福	63	1	3	10	6	9	20	14	15	12	11
G195007281	郭昱宏	82	1	4	10	8	6	13	18	14	19	15
E295515233	王志豪	85	1	4	10	7	6	12	19	14	17	15
C198168581	蔡宗綸	91	2	4	7	9	8	11	19	12	17	15
H191048125	陳志宇	93	1	3	8	7	6	20	16	18	11	12
B192744844	張昭友	80	2	3	10	6	7	13	18	15	16	11
E199602397	錢怡君	71	1	4	8	6	9	13	19	14	17	12
D292211817	金俞光	63	2	5	10	8	9	11	18	15	13	17
B194121438	李文珮	96	2	4	8	6	7	16	15	20	11	14
H294678798	陳春念	88	1	5	8	7	6	11	17	18	13	19
D191872967	施君季	98	2	3	10	8	7	17	15	14	11	16
F197498458	林雅雯	63	1	4	6	7	9	20	13	14	16	18
B292944079	林紫歡	71	1	3	9	6	10	16	20	19	17	18
F192569872	吳妍謙	61	2	3	9	8	6	11	12	17	16	19
D296448650	唐綺云	66	1	5	8	6	10	20	14	18	11	15
C191105540	洪雅婷	85	1	4	7	9	10	12	20	15	17	19
B298148562	劉婉如	67	2	3	6	8	9	16	11	12	18	15
E197173884	李瑋婷	79	1	4	6	9	10	20	15	16	14	18
F193793345	沈慧玲	66	2	3	10	7	6	19	18	17	11	12
D294399609	楊旻利	73	2	3	10	6	7	19	15	14	12	17
A292398316	唐怡婷	62	2	4	9	6	8	11	19	14	18	16
F194742502	張兆祥	90	2	4	9	10	7	13	16	17	19	15
B291142240	錢培誠	85	1	4	9	10	7	13	12	16	11	20
B192672950	陸哲瑋	74	1	3	9	10	8	14	12	11	13	16
B291635606	郭俊喬	100	1	3	7	10	6	15	11	16	19	17
A293395417	郭怡惠	80	1	3	8	7	10	12	19	11	17	14
D297031177	王心怡	64	1	5	10	8	7	11	17	12	18	20
H292288483	尹科凌	67	1	3	10	9	6	17	14	15	20	13
A292096773	倪亞尹	81	1	5	10	9	7	20	15	13	16	11
E299467505	張奕翔	70	2	3	9	10	8	20	17	15	12	16
E197195228	楊有坤	82	1	5	6	10	7	15	19	18	20	17
B297726259	王彥凌	92	1	5	8	7	10	13	16	12	20	17
F198654272	陳家瑜	90	2	4	9	10	6	14	13	16	15	17
H299533712	蔡松仲	87	2	5	8	6	9	15	11	16	13	19
G294646062	梁湖盈	95	2	4	7	9	6	13	12	16	20	19
D195832816	林得禎	73	1	3	9	10	7	14	13	17	16	18
E294215501	黃吉筠	98	1	5	9	10	6	11	17	20	18	13
G192710254	江淑婷	85	2	5	6	8	9	20	15	11	17	13
A294065990	吳彥翔	61	2	3	7	8	9	12	19	14	16	11
D293184864	林沛瑩	87	2	4	8	7	10	12	15	19	11	18
E296674599	韓綺仰	81	1	5	7	9	6	17	11	15	13	20
D197528833	張筱涵	97	2	4	9	10	8	13	20	17	12	15
D193001019	張裕仁	75	1	4	6	10	7	15	13	18	16	17
G298370916	李裕翔	86	1	4	6	8	7	20	11	15	16	12
H195647286	余涵威	77	2	4	9	8	6	14	12	20	17	15
G298198147	鐘家瑋	81	2	4	10	8	7	12	14	18	19	17
F196522142	陳偉智	100	2	5	9	10	7	19	17	14	11	13
H198632643	詹夙凱	89	2	5	10	8	9	13	15	20	17	18
C297381117	蔡淑婷	83	1	4	6	10	9	13	20	12	16	14
A295551842	彭淑慧	62	2	3	8	6	9	12	13	20	19	11
H192629571	陳郁群	96	2	3	8	7	6	12	11	19	18	20
B296128508	陸宗翰	82	2	4	9	10	7	15	20	17	13	19
F191628569	楊宗琴	91	2	5	6	9	8	19	14	15	20	13
C291451825	陳侑儀	82	1	5	9	8	6	11	17	15	18	13
B194723512	劉得汝	90	2	5	8	9	10	16	11	18	20	12
A291079938	陳威孝	99	1	3	8	10	7	14	17	12	16	15
E297243963	劉憲恭	82	2	5	8	7	9	11	12	17	13	14
A196439656	林民容	98	2	5	10	6	7	16	19	15	20	13
E292421298	楊心蕙	99	2	3	6	10	9	17	19	11	18	16
G299254724	劉俊君	99	2	5	7	9	6	17	11	14	16	19
C194418919	吳宛蓉	93	2	5	8	10	9	16	18	13	17	19
C297565891	楊麗華	96	1	3	9	6	10	18	16	14	13	15
B192510633	錢千慧	65	2	3	9	8	10	14	19	17	18	16
G298643665	王建強	80	1	4	9	6	8	14	15	19	13	16
D291212874	高信亞	63	1	5	7	6	9	20	12	15	13	18
E294515088	蔡牧苓	88	2	4	10	8	7	13	11	20	17	18
F292144313	戴邦紋	91	2	3	10	7	6	16	14	13	19	12
A298935386	張馥凱	66	1	4	9	6	10	18	19	13	12	17
G292537122	陳志明	85	2	3	7	8	6	13	15	19	17	20
D299410685	楊萬貞	76	1	3	10	7	6	11	12	16	18	19
F299887080	陳瑋妹	70	2	4	10	6	7	18	15	12	20	19
D291616158	林玉全	74	1	4	8	6	9	16	13	19	12	11
E297440211	林嘉豪	96	2	4	6	9	7	15	20	18	19	17
C194729686	陳玉婷	93	2	3	9	6	10	11	12	17	15	14
G294239861	陳筱芷	95	2	3	6	8	10	18	16	14	12	11
A191563371	馮淑娟	92	2	5	9	10	8	11	20	19	15	13
C294927817	白雲鳳	87	1	5	10	9	7	20	11	15	17	13
A298383622	胡宣峰	76	1	3	7	8	9	16	11	18	15	17
F293629440	謝堯茵	95	1	4	7	10	8	13	17	18	15	20
E296683516	曹俊嘉	77	1	5	6	10	7	11	17	18	20	15
D193516220	林麗毓	88	2	4	9	10	6	19	16	11	13	12
E199889992	張博宜	91	1	5	9	8	10	19	11	14	12	15
H195905747	方明慧	72	2	3	10	7	9	17	16	19	12	15
A195262366	陳聖星	97	1	5	6	9	8	15	16	14	13	17
A197810155	黃冠俊	66	1	3	6	7	9	15	13	20	17	14
C196448540	林婷梅	74	2	4	7	9	8	13	14	20	18	16
E193754632	魏大鈞	97	1	5	7	9	6	11	20	19	13	17
C192011850	陳惠齊	78	2	5	10	9	6	13	12	17	14	15
G293038057	張偉玟	89	1	5	9	7	10	18	14	17	12	19
B192462801	劉宗翰	89	2	4	9	7	10	15	18	13	16	17
A299471934	張禹人	97	1	3	10	8	7	18	14	15	17	19
C194821710	林如韋	74	1	3	6	10	9	15	19	20	11	12
A193471278	黃建順	76	2	5	9	8	7	20	18	17	15	11
H296596771	黃雅如	63	1	3	6	10	7	20	19	15	17	14
E296188052	林郁星	94	2	5	9	6	7	14	12	13	20	15
G293067094	涂秀美	62	1	5	10	9	8	16	17	19	20	18
E295403694	謝佩侑	70	1	3	7	6	8	16	14	18	12	13
G292433147	林秀卿	77	1	3	10	7	8	18	17	16	14	20
F194885904	郭裕仁	73	2	5	8	6	10	20	14	15	16	19
G193879136	黃子香	98	2	3	9	7	6	20	19	12	11	18
D195585385	林秀恬	61	1	3	6	10	7	17	20	19	13	18
H291848789	李淑芳	61	1	4	10	9	8	19	15	14	18	12
E194861225	連佩君	67	2	4	9	8	7	18	17	14	16	11
G194941542	林冠宏	74	1	3	9	7	8	16	19	14	18	17
C195259165	劉美菁	85	2	5	8	6	9	11	16	20	15	17
C199958089	簡梅仁	71	1	5	6	7	8	15	19	17	11	12
E295387695	柳君昇	76	1	3	8	10	9	19	16	14	20	13
G194414746	林月臻	80	1	4	10	7	9	12	20	13	18	15
A197855421	鄭南恒	67	2	4	6	9	10	14	17	13	19	20
D194382380	元雅玲	78	2	5	6	8	10	16	18	20	12	13
C294451489	曾惠雯	80	2	4	8	9	6	15	19	16	18	12
G293057347	魯婉瑜	63	1	3	8	6	10	19	15	17	12	14
E199960214	張佳琳	74	2	5	7	6	9	12	17	14	18	16
C192171904	許智筠	82	1	5	10	8	7	14	19	20	18	13
E295761673	李孟璇	83	2	5	10	7	9	11	16	18	19	15
F192740724	黃慧英	99	2	3	7	8	10	14	11	19	16	18
E298502318	王莉喬	81	1	4	10	6	7	13	15	19	11	20
C199840000	陳建羽	99	2	4	6	10	7	15	13	20	18	12
G293384107	王聖利	74	2	3	7	8	6	16	12	13	11	20
D291360688	黃詩音	91	1	5	8	6	9	16	20	14	19	11
G197166050	張信宏	73	2	3	7	9	6	20	12	15	13	17
F298561907	許振憲	86	2	3	9	10	7	19	18	12	17	16
B197025602	呂鎮香	85	1	5	6	9	7	16	18	12	11	14
A294327315	高淑真	72	2	4	7	10	9	20	13	11	14	17
E291917008	吳宜君	78	1	3	6	10	7	20	16	14	12	18
C196662602	林裕云	96	1	5	8	7	9	19	11	16	20	15
F192354479	張琳友	68	2	5	8	9	7	15	19	20	16	13
C294643861	沈政翰	84	2	3	6	9	7	17	12	19	11	18
E298251263	黃翔幸	66	2	5	9	8	6	16	13	18	20	19
B297792235	周丞琴	96	1	5	10	7	8	11	12	16	20	19
